0051479
0051480
0051482
0051493
0050656
0050778
0050780
0050783
0050784
0050788
0050790
0050810
0050812
0050820
0050723
0050730
0050735
0051366
0051368
0051370
0051372
0051036
0051038
0051039
0051040
0051041
0051042
0051044
0051045
0051046
0051047
0051048
0051049
0051050
0051051
0051052
0051053
0051054
0051055
0051056
0051057
0051058
0051059
0051060
0051061
0051062
0051063
0050036
0050038
0050059
0050201
0050205
0050206
0050208
0050213
0050215
0051180
0051184
0051188
0051192
0051264
0051267
0051279
0051282
0051303
0051305
0050336
0050338
0050340
0050341
0050343
0050348
0050353
0050354
0050356
0050357
0050361
0050369
0050373
0050374
0050375
0050379
0050380
0050414
0050555
0050557
0050558
0050563
0050565
0050569
0050572
0050576