0051459
0051464
0051465
0051468
0051470
0051472
0051474
0050642
0050647
0050649
0050654
0050791
0050799
0050802
0050803
0050804
0050805
0050823
0050824
0050825
0050686
0050689
0050690
0050693
0050694
0050695
0050696
0050697
0050700
0050702
0050704
0050705
0050708
0050711
0050745
0050746
0050747
0050748
0050752
0050753
0050754
0050755
0050756
0050757
0051318
0051319
0051322
0051323
0051324
0051326
0051327
0051328
0051329
0051330
0051331
0051349
0051351
0051354
0051355
0050964
0050965
0050966
0050967
0050968
0050970
0050971
0050972
0050973
0050974
0050975
0050976
0050977
0050978
0050979
0050980
0050981
0050982
0050983
0050984
0050985
0050986
0050987
0050988
0050989
0050990
0050991
0050992
0050993
0050994
0050995
0050996
0050998
0050999
0051000
0051001
0051002
0051003
0051006
0051007
0051008
0051009
0051010
0051011
0051012
0051014
0051015
0051016
0051017
0051018
0051019
0051020
0051021
0051023
0051024
0051025
0051026
0051027
0051028
0051029
0051032
0051035
0050142
0050143
0050144
0050146
0050147
0050148
0050149
0050152
0050153
0050155
0050156
0050131
0050002
0050004
0050006
0050007
0050008
0050011
0050012
0050014
0050015
0050016
0050017
0050020
0050022
0050024
0050025
0050027
0051574
0051577
0051579
0051583
0050182
0050183
0050184
0050186
0050187
0050188
0050189
0050190
0050191
0050207
0050212
0050216
0051163
0051165
0051168
0051169
0051171
0051172
0051173
0051174
0051175
0051177
0051178
0050232
0050233
0050234
0050235
0050236
0050237
0050238
0050239
0050240
0050241
0050243
0050246
0050248
0050249
0050250
0050253
0050254
0050255
0051202
0051205
0051206
0051208
0051210
0051211
0051212
0051217
0051218
0051220
0051221
0051222
0051223
0051224
0051229
0051234
0051235
0051237
0051240
0051241
0051248
0051249
0051291
0051293
0051295
0051301
0051317
0050272
0050273
0050274
0050275
0050277
0050280
0050281
0050282
0050283
0050287
0050288
0050289
0050290
0050291
0050292
0050293
0050294
0050295
0050298
0050301
0050307
0050310
0050314
0050315
0050316
0050318
0050320
0050324
0050325
0050326
0050397
0050399
0050402
0050403
0050404
0050405
0050406
0050408
0050410
0050412
0050413
0050601
0050603
0050605
0050606
0050607
0050608
0050609
0050610
0050611
0050612
0050613
0050614
0050616
0050617
0050622
0050625
0050626
0050628