0051475
0051476
0051484
0051485
0051486
0051487
0051488
0051490
0051491
0051492
0050660
0050664
0050666
0050668
0050772
0050773
0050774
0050777
0050779
0050781
0050782
0050787
0050808
0050809
0050811
0050813
0050814
0050816
0050817
0050818
0050819
0050822
0050682
0050683
0050685
0050687
0050688
0050691
0050692
0050698
0050699
0050703
0050706
0050707
0050709
0050710
0050724
0050726
0050728
0050731
0050732
0050733
0050734
0050738
0050739
0050741
0050742
0051332
0051333
0051335
0051338
0051339
0051340
0051341
0051342
0051343
0051344
0051345
0051346
0051347
0051356
0051357
0051360
0051361
0051362
0051363
0051364
0051367
0051371
0051373
0051064
0051065
0051066
0051067
0051068
0051069
0051070
0051071
0051072
0051073
0051074
0051075
0051076
0051078
0051079
0051080
0051081
0051082
0051083
0051084
0051085
0051086
0051088
0051089
0051090
0051091
0051093
0051094
0051095
0051096
0051097
0051098
0051099
0051100
0051101
0051102
0051103
0051104
0051105
0051106
0051107
0051108
0051109
0051110
0051111
0051112
0051113
0051114
0051115
0051116
0051117
0051118
0051119
0051120
0051121
0051122
0051123
0051124
0051125
0051126
0051127
0051128
0051129
0051130
0051131
0051146
0051147
0051148
0051149
0051151
0051152
0051153
0051154
0051155
0051156
0051159
0050157
0050158
0050159
0050160
0050161
0050163
0050164
0050165
0050166
0050167
0050168
0050171
0050104
0050103
0050107
0050108
0050030
0050031
0050032
0050033
0050034
0050035
0050037
0050040
0050041
0050044
0050046
0050047
0050050
0050051
0050052
0050058
0050060
0051556
0051557
0051559
0051561
0051565
0051570
0050193
0050194
0050195
0050196
0050199
0050200
0050202
0050203
0050204
0050209
0050210
0050214
0050217
0051181
0051182
0051183
0051187
0051189
0051190
0051193
0051194
0051195
0051196
0051197
0051198
0051199
0050257
0050259
0050260
0050261
0050262
0050263
0050264
0050266
0050267
0050268
0050269
0050270
0050271
0051132
0051133
0051134
0051135
0051137
0051138
0051139
0051140
0051141
0051142
0051250
0051252
0051253
0051254
0051255
0051256
0051257
0051260
0051261
0051262
0051263
0051265
0051266
0051268
0051269
0051271
0051272
0051273
0051275
0051276
0051277
0051280
0051281
0051307
0051308
0051309
0051311
0051312
0051313
0051314
0051315
0051316
0050327
0050328
0050329
0050330
0050331
0050332
0050333
0050334
0050335
0050337
0050339
0050342
0050344
0050345
0050346
0050347
0050349
0050350
0050351
0050352
0050355
0050358
0050360
0050362
0050363
0050365
0050366
0050367
0050368
0050370
0050371
0050372
0050376
0050377
0050378
0050381
0050382
0050385
0050386
0050387
0050388
0050390
0050391
0050415
0050416
0050417
0050418
0050419
0050421
0050422
0050424
0050425
0050426
0050427
0050428
0050551
0050552
0050553
0050554
0050556
0050560
0050561
0050562
0050564
0050566
0050567
0050568
0050570
0050573
0050574
0050575
0050577