0051460
0051462
0051463
0051471
0050648
0051606
0051321
0051325
0050959
0050960
0050961
0050962
0050125
0051230
0050321
0051457
0051459
0051464
0051465
0051466
0051467
0051468
0051470
0051472
0051473
0051474
0050642
0050643
0050647
0050649
0050795
0051162
0051164
0050802
0050803
0050825
0050798
0050953
0050958
0050029
0051170
0051226
0050284
0050627
0050791
0050799
0050823
0050824
0051351
0050965
0050967
0050968
0050743
0050749
0050954
0050955
0050956
0050957
0050127
0050057
0050276
0050285
0050319
0050407
0050604
0050619
0050620
0050621
0050623
0050745
0050746
0050748
0050752
0050753
0050754
0050755
0050756
0050757
0050964
0050966
0050972
0050976
0050981
0050985
0050988
0050990
0051479
0051480
0051482
0051493
0050656
0050661
0050669
0051368
0051370
0051372
0051056
0051057
0051058
0051059
0051060
0051061
0051062
0051063
0050114
0050059
0050341
0050348
0050356
0050361
0050373
0051475
0051476
0051477
0051478
0051483
0051484
0051485
0051486
0051488
0051490
0051491
0051492
0050657
0050658
0050660
0050664
0050666
0050683
0050687
0050688
0050691
0050692
0050698
0050699
0050703
0050790
0050820
0051036
0051038
0051039
0051040
0051041
0051042
0050206
0051180
0051188
0050576
0050777
0050809
0050814
0051360
0051064
0051069
0051070
0051078
0051079
0051080
0051081
0051082
0050778
0050780
0050783
0050788
0050810
0050812
0051044
0051045
0051046
0051184
0051192
0051267
0050357
0050374
0050375
0050773
0050774
0050779
0050781
0050787
0050813
0050816
0050817
0050818
0050819
0051356
0051357
0051065
0051071
0051072
0050723
0050730
0050735
0050736
0051047
0051048
0051049
0051050
0051051
0051052
0051053
0051054
0051055
0050113
0050036
0050201
0050205
0050213
0050215
0051264
0051279
0051282
0051303
0051305
0050336
0050338
0050340
0050353
0050369
0050379
0050414
0050555
0050557
0050558
0050569
0050572
0051487
0050772
0050811
0050822
0050724
0050726
0050728
0050731
0050732
0050733
0050734
0050738
0050739
0050740
0050741
0050742
0051073
0051074
0051075
0051076
0051094
0051096
0051097
0051098
0051099
0051100
0051101
0051102
0051103
0051104
0051105
0051106
0051107
0051108
0051109
0051110