0.000000 -0.086683 0.134833 -0.194661 -0.093121 0.053433 -0.175654 -0.027226 -0.105232 -0.194181 0.028291 0.027397 -0.226842 -0.034013 -0.169671 0.015137 -0.058003 -0.253632 0.101260 -0.175287 0.127732 -0.056251 0.127689 -0.045037 0.085361 -0.178849 -0.166086 -0.014024 -0.109863 -0.082196 0.121351 -0.193104 -0.045015 -0.083773 -0.016304 -0.123628 -0.176441 -0.046552 0.086605 -0.243374 0.008820 0.037296 -0.051439 -0.026122 -0.114420 0.054202 -0.120789 -0.048384 -0.013233 -0.193545 -0.113169 -0.161479 -0.219208 0.113426 -0.076063 0.031647 0.168004 -0.129923 -0.252941 -0.130898 0.007135 0.019127 -0.022870 -0.163351 0.065851 -0.115013 -0.051840 -0.036022 0.036065 -0.059522 -0.150757 0.097524 -0.198261 -0.026296 -0.151388 0.057194 -0.262922 -0.039942 -0.133421 -0.261999 0.114227 0.054188 -0.046716 0.001009 0.270033 -0.131978 -0.034926 -0.110045 -0.090233 -0.035889 -0.236537 -0.115957 -0.057961 -0.136624 0.009583 0.081952 0.102570 -0.138345 0.133014 0.081112 -0.110291 0.055115 0.036451 -0.141967 0.010353 -0.094283 -0.091479 -0.062730 -0.048528 -0.010219 0.143357 -0.062984 -0.005055 -0.125633 -0.207104 0.101684 0.064911 -0.061702 -0.037436 -0.297995 0.080464 0.136179 0.143811 0.014222 -0.002019 -0.177828 -0.061549 -0.071918 0.077484 -0.055758 0.062702 -0.110444 -0.185147 -0.039692 -0.162679 0.014865 -0.059418 0.009938 -0.069634 -0.081413 -0.055061 0.129918 0.087253 -0.072243 0.114161 0.076321 0.037222 -0.120380 -0.180566 -0.044247 0.040492 -0.007726 0.084722 -0.003720 -0.051046 0.174693 -0.051554 0.085955 -0.074247 -0.078074 -0.195051 -0.063213 0.108860 0.015881 -0.002812 0.034924 -0.009642 -0.142713 0.021606 0.154680 0.152837 0.032773 -0.090963 -0.021768 0.092890 -0.161658 0.029571 -0.084218 0.028913 0.139210 -0.036050 -0.072825 -0.044740 -0.097670 -0.106032 -0.231180 -0.104319 0.127165 -0.012547 -0.089476 -0.018815 -0.175891 -0.136918 -0.007897 0.036436 -0.078231 0.009462 -0.131816 0.067320 0.026043
-0.086683 0.000000 -0.118324 0.031997 -0.032373 0.125243 0.074505 0.088135 -0.062020 -0.136849 -0.090700 -0.106619 0.075068 0.032220 -0.143088 0.101898 0.086608 -0.092571 -0.109313 0.034381 -0.011776 0.067728 0.062842 0.095375 0.224930 -0.055456 -0.190824 0.044445 -0.167002 -0.084970 0.135290 -0.228901 0.044483 0.211651 0.039569 -0.106631 -0.042812 -0.062802 -0.156677 0.044123 -0.069129 0.039104 -0.120304 -0.129135 -0.001400 0.035851 -0.034340 -0.140909 -0.106706 0.028292 0.006498 -0.101031 -0.052040 -0.196161 0.041811 -0.071899 0.216026 -0.229655 0.100519 -0.034466 -0.024956 0.004240 -0.002800 0.075732 -0.025531 0.101199 -0.029614 -0.069228 -0.132554 -0.155960 -0.007591 -0.072606 0.205680 -0.138407 0.141911 0.076579 -0.169553 -0.062437 -0.043639 -0.181123 -0.203510 0.180141 0.034372 -0.001334 -0.104002 -0.081694 -0.157619 -0.116481 -0.267698 -0.071565 -0.125995 -0.129107 -0.004888 -0.048692 0.177918 0.048320 0.152807 0.000375 0.005718 -0.008907 -0.128355 -0.104581 -0.114651 -0.004701 -0.073726 -0.272287 -0.015752 -0.196472 -0.050579 -0.082408 -0.124315 0.093618 -0.070680 0.036577 0.189280 0.142013 0.039475 0.036887 0.152008 -0.268283 0.193963 0.026307 0.061107 -0.040715 -0.138798 -0.114323 0.047493 0.114036 -0.097966 -0.128793 -0.212928 0.044171 0.028190 0.037371 -0.071730 0.224025 0.018546 -0.007170 -0.151059 -0.026684 -0.132603 -0.161647 -0.017424 0.027822 -0.093924 0.003006 -0.069861 -0.054110 0.061543 0.056411 -0.062718 -0.060400 0.004198 -0.077919 -0.095004 0.075586 -0.078269 -0.141689 -0.077800 0.058497 0.050979 -0.056036 0.114029 -0.088020 0.206197 -0.061251 0.156024 0.064896 -0.123622 0.024727 0.090294 0.022010 0.118038 -0.193037 -0.034510 -0.108877 -0.171876 -0.085566 0.045825 0.089431 0.001461 0.022089 0.101288 0.018371 -0.087548 0.104522 0.161728 0.148855 0.075968 -0.123734 0.035878 -0.085470 -0.023149 -0.071027 -0.083447 -0.009925 0.242375 -0.131436 0.065000 0.035548
0.134833 -0.118324 0.000000 0.034933 0.204892 0.049470 0.204556 0.070509 0.098679 0.147092 0.014198 -0.028010 0.177226 -0.065813 0.269132 0.221539 0.205280 0.188509 0.248344 -0.029593 -0.015688 0.421020 -0.034174 0.061145 0.078504 0.158007 -0.021458 0.114810 0.037147 0.010259 0.186836 -0.115420 -0.015033 0.244092 0.083127 0.133683 0.298744 -0.011744 0.014436 0.160894 0.106580 -0.044409 -0.133320 0.135434 0.193956 0.288060 0.211846 0.200065 0.047603 0.181114 0.150893 0.078333 0.093127 -0.074013 0.138223 -0.036744 0.243023 0.251107 0.043403 -0.005318 0.000081 0.260680 0.134702 0.139095 0.105605 0.042885 -0.020681 0.140537 -0.056767 0.009105 0.117891 0.073442 0.270383 -0.186639 0.287902 0.133068 0.095541 0.030868 0.083265 0.063568 0.089643 0.019550 0.086804 0.068572 -0.241764 0.103839 -0.020992 0.026935 0.075523 0.057685 0.063357 0.020195 0.236167 0.097640 0.255608 0.104406 0.266445 0.038977 0.026745 0.124435 -0.055309 0.091774 0.062690 0.138952 0.164721 -0.090512 -0.039582 0.018503 0.137102 -0.001084 -0.105977 0.106453 0.022184 0.465426 0.094592 0.232237 -0.059121 0.096194 0.003650 -0.056294 0.096377 0.280603 0.067699 -0.090444 -0.016300 0.105392 0.278804 0.227219 -0.097339 0.189958 -0.029319 0.322990 -0.000702 -0.054935 0.200238 0.463188 0.106545 0.057653 0.289881 0.171681 -0.117652 -0.025069 0.118650 0.008091 0.112651 0.016644 0.258737 0.144951 0.251034 0.118555 -0.078735 0.127493 0.059018 0.039564 0.149980 0.114752 0.038441 -0.047720 0.089460 0.371978 -0.060524 0.243247 0.217839 0.057454 0.025733 0.359870 0.075128 0.002976 -0.070719 0.007820 0.277734 0.089002 0.183517 -0.112838 0.144430 0.040854 0.016620 -0.070741 0.325141 0.176897 0.235033 0.009513 0.144039 -0.097427 0.056841 0.174340 0.115927 0.241598 0.136723 0.134697 0.304447 0.141490 -0.099336 0.158659 0.161505 -0.032984 0.219614 -0.040029 0.289604 0.128935
-0.194661 0.031997 0.034933 0.000000 0.013055 -0.026758 -0.038369 0.003555 -0.234174 -0.213081 0.083893 0.031297 0.026561 -0.034168 -0.171141 -0.093044 0.014438 -0.074917 0.051147 -0.222089 -0.147571 -0.061831 -0.027873 -0.143716 0.057128 -0.206153 -0.136083 -0.153415 -0.000292 -0.324974 -0.073494 -0.102657 -0.057984 -0.014259 0.022648 -0.190053 -0.114610 0.059910 0.016343 -0.116471 -0.296294 0.094415 0.035583 0.107710 0.059774 0.012467 0.156985 -0.136092 -0.025317 -0.118666 -0.063036 -0.250503 -0.073967 -0.141580 0.073186 0.025295 0.109269 -0.027192 -0.094467 0.081811 0.073000 0.073604 -0.099098 -0.059774 -0.154306 -0.103647 0.155643 -0.015180 0.120515 0.041923 0.020514 0.117552 -0.053298 -0.102394 -0.002954 0.068560 -0.328703 -0.072387 0.051955 -0.265238 -0.062341 0.106852 0.247171 0.266589 -0.167746 -0.224409 -0.143753 -0.025242 -0.105916 -0.029597 0.013078 0.090416 0.161597 0.064849 -0.050775 -0.142792 -0.101276 -0.069987 -0.058732 -0.134069 -0.135835 -0.124706 -0.319201 -0.032341 0.030217 0.029184 0.118166 -0.071398 -0.082009 -0.026646 -0.056192 -0.136218 -0.168047 0.067683 -0.028389 0.125405 -0.120376 -0.386288 -0.078392 -0.283325 -0.002400 0.036841 0.105345 -0.010060 0.082701 -0.271616 0.027534 0.048632 -0.028597 -0.020740 -0.176336 0.035204 -0.056717 -0.076481 -0.003907 -0.017301 0.203213 -0.143928 -0.021207 0.012157 -0.102533 -0.180043 -0.166693 -0.016243 0.102828 -0.089450 -0.019467 0.083460 -0.019516 -0.163823 0.095701 -0.249361 0.101249 0.021598 0.100164 0.102486 0.007843 -0.185378 -0.229929 -0.124015 -0.122378 -0.333509 0.096405 0.153888 -0.103927 0.070966 -0.068647 -0.081551 -0.145816 -0.121771 0.114247 -0.014869 -0.037857 0.003771 -0.125698 -0.357591 -0.238247 0.042776 0.101429 0.193024 0.050971 -0.200672 -0.020197 -0.145867 -0.143697 -0.036933 0.059046 -0.139531 0.051605 -0.420209 0.067503 -0.323870 0.063323 -0.181577 -0.177725 -0.184843 -0.021184 0.027304 -0.071945 -0.110708
-0.093121 -0.032373 0.204892 0.013055 0.000000 -0.024699 -0.007995 0.043756 -0.138916 -0.109993 0.171940 0.057989 -0.079339 0.128384 0.041020 -0.055733 0.106473 0.021453 0.136596 -0.132930 0.005789 0.373514 0.045003 0.042811 0.028915 -0.078986 -0.009997 0.119971 -0.014039 -0.001946 -0.114370 0.092100 0.002706 0.012664 0.012841 -0.132498 0.119346 0.014905 -0.034357 0.121894 -0.010427 0.059396 0.012880 0.030942 0.040023 0.367619 0.064892 0.158852 -0.002979 -0.163349 -0.011850 -0.004626 0.054596 -0.093039 -0.157087 -0.069297 0.044398 0.186011 -0.057024 -0.031341 0.053774 0.347818 -0.075238 -0.218871 -0.134215 0.029642 -0.068792 0.097269 0.171496 0.048839 0.025832 -0.045319 0.061180 0.226875 -0.021958 0.050718 -0.007268 0.183581 -0.232516 -0.085652 0.169249 0.260807 0.016913 0.063446 -0.138723 -0.036323 0.017090 -0.213758 0.091282 -0.033112 0.330562 0.042267 -0.075656 0.156695 0.047537 0.066058 -0.019308 -0.144527 0.003956 0.103865 0.043870 -0.003692 -0.082264 0.075231 0.151580 -0.081627 0.178880 -0.021310 0.239062 -0.050965 -0.039229 0.002739 -0.063562 0.074627 0.076015 -0.014934 0.141225 -0.086422 -0.085940 -0.102523 0.027452 0.187191 0.012096 0.030857 -0.177102 -0.014526 0.003981 0.016433 0.048341 -0.046057 -0.215486 0.080219 0.202537 0.015712 0.123044 -0.037844 0.053111 -0.003631 0.147861 0.193768 -0.042239 -0.027467 0.023679 0.093287 0.104664 -0.044853 0.166696 0.121292 0.168156 -0.153109 0.114385 0.008700 0.210544 -0.114410 0.094069 -0.015182 -0.091360 -0.155004 -0.122129 0.197447 -0.160563 -0.023717 -0.013666 0.143896 -0.030910 0.232965 -0.058603 -0.183608 0.009562 -0.042637 -0.060090 0.125270 0.047811 0.194166 -0.033706 -0.090309 -0.104724 -0.050700 0.248191 0.036757 0.018400 -0.129921 0.046231 -0.157115 0.018087 0.069184 0.024099 -0.044126 0.081784 -0.010892 0.033270 -0.046372 0.056006 0.132497 -0.027630 -0.011929 -0.035482 -0.063524 0.084685 0.060030
0.053433 0.125243 0.049470 -0.026758 -0.024699 0.000000 -0.015630 0.145941 0.064920 -0.059998 0.173724 0.023524 0.132391 0.090053 0.080820 0.167046 0.094199 0.035466 0.063342 -0.125483 0.038297 0.084873 0.027974 0.089052 0.134717 0.054141 -0.109244 0.115093 0.074322 -0.124882 0.246336 -0.143870 0.131366 0.049274 0.003022 0.013200 -0.168331 0.116285 0.151528 -0.008965 -0.147640 0.183150 -0.031652 0.134620 0.082902 -0.001203 0.140922 -0.038917 0.045226 0.004986 -0.063609 -0.072677 0.049745 0.155384 0.121927 0.036403 0.166732 -0.010686 0.112575 0.073731 0.129432 -0.064254 0.056676 0.065249 0.053245 -0.038937 -0.045974 0.027493 0.254938 0.114269 0.044595 -0.058132 0.092845 -0.098447 0.129539 0.157820 -0.167607 -0.217111 -0.022748 -0.075968 -0.094584 -0.068030 0.232234 0.361111 0.039115 -0.062435 -0.114773 -0.066309 0.130072 0.015514 -0.053837 -0.058775 0.308814 0.175344 -0.025007 0.041608 0.046288 0.012866 -0.007524 0.020845 -0.233681 0.022020 -0.209284 -0.208106 0.074378 0.336630 0.299095 0.191740 -0.053980 0.026844 0.018703 -0.181577 -0.155411 0.049339 0.093725 0.170833 0.089679 -0.063441 0.193610 -0.132587 0.035241 -0.070282 0.128450 0.066690 0.243213 -0.173555 -0.046654 0.209365 0.034697 -0.098667 -0.021933 0.036278 -0.081915 0.030458 0.152207 -0.022405 0.226633 0.019635 -0.082384 -0.024958 -0.055393 0.129050 0.159916 0.164331 -0.035998 0.080494 -0.166552 -0.025998 0.101919 0.165139 -0.003299 0.056982 0.240851 -0.009606 0.057578 0.219975 0.024885 -0.119240 0.037104 -0.017716 0.108758 -0.027468 0.099776 0.295108 0.036825 -0.058996 0.031050 0.117145 -0.074302 0.005211 0.216882 -0.019675 0.056535 -0.181304 0.027133 -0.141949 0.025977 0.156922 0.094053 0.267075 -0.028871 0.012783 -0.041753 -0.046435 -0.028956 -0.117588 0.172811 0.174403 0.064170 -0.066481 0.038229 -0.115585 0.141514 0.096760 -0.069388 -0.001080 0.124887 0.027481 0.023094 0.100448
-0.175654 0.074505 0.204556 -0.038369 -0.007995 -0.015630 0.000000 0.018222 -0.062541 -0.155842 0.135616 0.293196 0.153612 0.237357 -0.138618 0.018010 0.267211 -0.002040 0.142677 -0.068907 -0.200212 -0.008925 0.140584 0.014549 0.127304 -0.098320 -0.104160 -0.143536 0.047536 0.041913 0.017142 -0.208732 -0.080183 0.155951 0.019602 -0.099723 -0.082374 0.315158 0.340433 -0.019949 -0.149262 0.205092 -0.088780 0.102119 0.039713 0.130993 0.026709 -0.116656 0.187053 -0.368094 -0.190527 -0.081247 0.036373 0.050338 0.001195 0.108625 -0.023191 0.081845 0.122200 -0.001345 0.156806 0.006212 -0.056659 -0.299271 -0.272392 0.036588 0.031539 0.108195 0.257819 0.099520 -0.040920 -0.068383 0.144388 -0.042136 0.228009 0.092153 0.028783 -0.189526 -0.154140 -0.090114 0.153837 0.081213 0.149439 0.350369 -0.002822 -0.064435 -0.036458 -0.128414 0.080778 -0.215672 -0.061538 -0.052257 0.015085 0.205790 0.084942 -0.100282 -0.043708 0.015298 0.170158 -0.065800 -0.120471 -0.164808 -0.203920 -0.190590 0.132143 0.408286 0.298910 0.051619 -0.109099 -0.096892 -0.252030 -0.156416 -0.021090 -0.036560 0.139805 -0.042873 0.195871 -0.032170 0.032556 -0.073708 0.087842 -0.062359 -0.035168 0.042409 0.050005 -0.134970 0.023210 -0.040875 0.047816 -0.154983 -0.129208 -0.029642 -0.013416 -0.107063 0.104924 -0.098978 0.065906 -0.040827 -0.053767 0.055864 0.006400 0.042713 0.030404 0.237382 -0.083301 0.012702 0.083978 -0.025045 0.107907 -0.095184 0.210576 -0.083235 0.105384 -0.049724 0.039834 0.266662 -0.040870 -0.239233 -0.101459 -0.201549 0.012082 -0.113550 0.064593 0.382475 0.022736 0.162813 -0.057383 -0.036308 0.056026 0.088146 -0.102786 0.044187 0.001367 0.103035 -0.129578 -0.076588 -0.069228 0.170870 0.106958 0.036870 0.003785 -0.094345 0.119702 -0.027757 -0.108104 -0.095442 0.170087 -0.244448 0.059150 -0.002524 -0.048080 -0.097103 0.117085 0.116237 -0.072575 -0.078317 0.013377 -0.002047 -0.023069 -0.014604
-0.027226 0.088135 0.070509 0.003555 0.043756 0.145941 0.018222 0.000000 -0.060381 -0.187820 0.018766 -0.054151 0.044072 0.037197 -0.033455 0.043946 0.079264 -0.133801 0.064019 -0.076821 0.029119 0.154128 0.119969 0.036882 0.109626 0.010747 -0.194120 0.108173 0.044828 -0.234888 0.171195 -0.287621 0.054505 0.110989 -0.029095 -0.084036 -0.040653 -0.053717 0.003707 -0.086690 -0.153142 -0.039786 -0.128726 0.044814 -0.001845 0.117622 -0.012428 -0.010160 -0.048405 -0.005319 0.000441 -0.155243 -0.154318 0.023670 0.111824 0.132747 -0.027973 -0.023788 -0.017727 0.030670 -0.014609 -0.147948 -0.102612 0.027348 0.052785 0.084365 -0.043979 0.151819 0.019697 -0.033638 -0.077758 -0.060386 0.103676 -0.049695 0.024472 0.205682 -0.245188 -0.150352 0.210106 -0.235045 0.105434 0.035235 0.032204 0.080053 0.122976 -0.159478 -0.213130 -0.003964 -0.037182 0.049576 -0.178671 -0.107512 0.074800 -0.138561 0.095669 0.011581 0.160961 0.002218 0.068345 -0.046495 -0.148999 0.060884 -0.141302 0.007552 -0.032361 -0.101391 -0.046487 -0.087096 -0.023671 0.003241 0.094947 -0.083239 0.025798 0.044039 -0.020696 0.182917 0.002780 -0.118593 0.090343 -0.377681 0.149874 -0.072643 0.212394 0.010894 -0.003864 -0.199923 -0.069483 0.071108 0.014905 -0.072893 -0.064180 0.027361 -0.120890 -0.066459 -0.117475 0.166989 0.059278 -0.054982 -0.030145 -0.193979 -0.042480 0.074216 0.096099 0.066888 -0.098655 0.113215 0.104918 0.085782 0.031244 0.139029 -0.008033 -0.051479 -0.034530 0.013016 -0.090139 0.196837 0.043131 -0.071932 0.026550 0.014498 -0.017659 -0.029159 0.170742 0.111095 0.111930 -0.030479 0.109431 -0.019106 0.023854 0.173366 0.100775 0.022251 -0.024257 0.037246 0.151036 -0.204501 0.000140 -0.048106 0.124648 0.107695 -0.016836 0.034212 0.038911 0.016573 -0.125302 -0.090221 0.030034 0.214621 0.107501 -0.128900 0.058191 -0.064900 -0.034240 0.040275 0.060492 -0.017795 0.122879 -0.081385 -0.110725 0.049481
-0.105232 -0.062020 0.098679 -0.234174 -0.138916 0.064920 -0.062541 -0.060381 0.000000 -0.078107 -0.026661 0.114390 -0.073286 0.080738 -0.192795 -0.005622 0.077185 -0.049422 -0.034513 -0.171602 -0.140638 -0.121467 0.116377 -0.152153 0.034136 -0.024119 -0.183541 -0.223466 -0.100488 -0.104583 -0.053410 -0.192856 -0.191625 0.035598 -0.093780 0.065399 -0.038839 -0.055857 0.122695 -0.195359 0.058491 0.104906 -0.099929 -0.055438 0.078118 -0.018896 -0.071399 0.025520 0.123907 -0.091868 -0.222809 -0.210768 -0.152320 -0.063329 -0.104916 0.166753 -0.050148 -0.023576 -0.021479 -0.103324 -0.056774 0.067141 0.030150 -0.085270 -0.110469 -0.108995 0.017472 0.056525 -0.030355 -0.104595 -0.185175 -0.076619 -0.058702 -0.121420 -0.015192 0.119640 -0.174840 -0.056835 -0.188946 -0.100142 0.110190 0.084737 -0.058351 0.128874 0.042090 -0.159803 0.053246 -0.052823 -0.046020 -0.240947 -0.206140 -0.092858 -0.021849 -0.147796 0.038309 -0.166494 0.013743 -0.076262 0.170144 0.115934 -0.127459 -0.022396 -0.014631 -0.152493 0.108903 0.011455 -0.065312 -0.090956 -0.181608 -0.202030 -0.032142 -0.176486 -0.136148 0.038834 -0.027825 -0.051469 -0.110893 -0.061478 -0.169570 -0.040838 0.073826 0.006879 0.028992 -0.031475 0.019132 -0.143812 0.007008 -0.120871 -0.073174 -0.036674 -0.224754 0.026889 -0.062321 -0.151579 0.017855 0.079160 -0.186087 0.038079 -0.142704 0.008524 -0.141130 0.003322 0.111392 0.059589 -0.026867 -0.028538 0.034752 0.197988 -0.128165 -0.143897 0.079086 0.114081 -0.101779 -0.079188 0.066160 0.195839 -0.135482 -0.086001 0.036977 -0.155487 -0.226789 -0.101638 0.165791 0.099454 -0.003842 0.095568 0.073135 -0.028276 -0.012811 0.161005 -0.057896 0.201102 -0.073332 0.066403 -0.039012 -0.247204 -0.044350 -0.005906 0.111698 -0.053551 -0.008628 -0.139566 0.007282 -0.067097 -0.232336 -0.202158 -0.133208 -0.158617 0.200294 -0.001079 -0.017202 0.097319 -0.026721 0.011321 0.026616 -0.084232 0.004155 0.073310 -0.007112 -0.092468
-0.194181 -0.136849 0.147092 -0.213081 -0.109993 -0.059998 -0.155842 -0.187820 -0.078107 0.000000 -0.030280 0.043295 0.025394 0.064648 -0.038999 0.040127 0.014074 0.029643 0.112999 -0.195351 -0.231661 0.011819 0.001533 -0.117441 0.018907 -0.028070 -0.128348 -0.345725 -0.212860 -0.105350 -0.127842 -0.170361 -0.126594 0.033532 -0.132537 0.091722 -0.121589 0.003344 0.157538 -0.036249 -0.197574 0.250130 -0.132854 0.110791 0.091485 0.030772 0.001653 0.104650 0.122689 -0.123075 -0.056121 -0.155655 -0.087856 -0.177234 -0.019632 -0.005598 0.075543 0.055941 -0.013724 -0.308158 0.055306 0.022105 0.111708 -0.198965 -0.243428 -0.140445 -0.130720 0.066942 0.008981 -0.135250 -0.123242 -0.054835 -0.073096 -0.116529 0.031720 -0.098241 0.155181 -0.213200 -0.194684 0.064816 0.105187 0.021486 -0.028628 0.060969 -0.067050 -0.168286 -0.068600 -0.182919 -0.101462 -0.371845 -0.099182 -0.099324 -0.100788 0.051495 0.055497 -0.350857 -0.122085 -0.195064 0.128925 0.100234 -0.118061 -0.121088 -0.175543 -0.326629 0.101941 0.059694 0.003731 -0.042289 -0.111384 -0.177993 -0.191206 -0.168229 -0.155046 0.051762 0.059373 -0.103079 -0.131451 -0.174855 -0.091263 0.054355 -0.054839 0.068033 -0.073881 0.160401 0.046010 0.071985 0.073408 -0.197566 -0.124142 0.053667 -0.254641 0.068994 -0.117323 -0.323649 0.077661 0.052657 -0.101132 -0.182615 -0.183851 -0.009472 -0.164461 -0.208130 -0.015621 0.076597 0.092504 -0.086107 0.018049 0.274250 0.000669 -0.240143 0.082611 0.033172 0.039299 -0.185922 0.063578 0.066357 -0.247721 -0.167497 -0.046064 -0.014237 -0.170785 -0.175125 0.140296 0.155929 -0.106431 0.149078 0.063464 -0.063760 -0.044326 0.064344 -0.196948 -0.076036 -0.233213 0.027442 -0.051327 -0.186928 -0.226183 -0.132540 0.027735 -0.203985 -0.137355 -0.181174 0.045502 -0.165349 -0.280504 -0.178795 -0.137918 -0.277751 -0.104112 -0.218931 -0.003096 0.142622 -0.081646 -0.080619 0.129315 -0.147963 -0.081933 -0.034616 -0.011663 -0.109888
0.028291 -0.090700 0.014198 0.083893 0.171940 0.173724 0.135616 0.018766 -0.026661 -0.030280 0.000000 0.159325 -0.030648 0.030703 -0.068820 0.275107 0.156275 -0.093811 0.052525 -0.064050 0.070156 0.115139 0.250147 0.050417 0.199993 0.052830 -0.004553 0.025580 -0.012051 -0.002185 0.151671 -0.011378 0.123524 0.181856 0.059874 0.020023 -0.023447 -0.156647 -0.075797 0.040635 0.076388 -0.068991 0.059742 -0.008407 0.010395 0.197606 -0.005317 -0.003932 0.071649 0.079047 0.166494 -0.042128 0.040475 -0.096957 0.068634 0.115864 0.349697 -0.060473 -0.028266 -0.086042 0.038544 0.231713 0.094537 0.078868 0.088992 0.113576 -0.141184 -0.070950 -0.059215 0.013570 0.172200 0.052777 0.099369 0.135689 0.044735 0.186515 -0.101127 0.043996 0.038066 -0.163526 0.029198 0.220272 0.025391 -0.030521 0.071626 -0.146922 0.087627 -0.160191 -0.048128 0.050520 0.142088 -0.001862 -0.044502 0.004192 0.258863 0.100144 0.220058 -0.065697 0.192292 0.217534 0.194142 0.016761 0.133189 0.220951 0.035556 -0.154769 -0.050366 0.018800 0.199121 0.167938 0.050414 0.205872 -0.031605 0.054346 0.132737 0.199882 0.049521 0.064008 0.162199 -0.207100 0.116151 0.106402 0.132983 0.060685 -0.268242 -0.042844 -0.035096 0.102736 -0.002172 -0.035676 -0.090031 0.091588 0.180975 0.066847 -0.116108 0.190767 0.109036 0.025445 0.076968 0.123241 0.057552 -0.059540 0.082771 0.050691 0.021324 -0.006980 0.047298 0.031539 0.092287 0.133313 -0.096227 -0.011887 0.182236 -0.083707 0.066813 0.019637 -0.026385 0.019357 0.040127 0.093113 -0.000302 -0.000496 0.130127 -0.009743 0.135045 -0.038541 0.100652 -0.020724 0.023193 0.069152 0.089938 0.201257 0.170002 0.061387 0.032767 -0.043366 -0.065206 -0.056096 0.096607 0.025157 0.089535 0.021295 -0.010408 0.022980 -0.003734 0.054029 0.100392 0.316825 0.186759 -0.047236 0.122321 0.003647 0.106280 -0.013536 0.083944 0.046031 0.327128 -0.037933 0.108920 0.051956
0.027397 -0.106619 -0.028010 0.031297 0.057989 0.023524 0.293196 -0.054151 0.114390 0.043295 0.159325 0.000000 0.271617 -0.036495 0.253842 0.317904 0.377076 0.215219 -0.007531 -0.057279 -0.015454 0.123382 0.302605 0.039806 0.338021 0.183058 0.005313 -0.027878 0.171030 0.113739 0.210939 -0.056377 0.048182 0.234628 0.147806 0.079760 0.040767 0.151843 0.375300 0.059872 0.049650 0.133774 -0.079202 0.202335 0.225117 0.174440 0.186892 0.069941 -0.004719 0.016934 -0.044359 0.009356 0.234043 -0.077797 0.135106 0.070861 0.167013 -0.015481 0.088659 -0.110082 0.062471 0.011623 0.152947 0.094069 0.013031 0.051911 -0.002676 0.039978 0.190490 0.124775 0.094151 -0.045856 0.219804 0.055195 0.452269 -0.006392 0.138975 -0.111741 0.005790 0.173401 0.145549 -0.075825 0.337083 0.158367 -0.031919 0.121151 -0.012909 0.022519 0.070035 -0.015220 -0.079645 -0.047012 0.216683 0.232241 0.076331 0.028893 -0.105210 0.149330 0.271709 0.171573 -0.015696 -0.030676 -0.035640 -0.203835 0.013507 -0.020253 0.230997 0.169703 -0.022982 0.014851 -0.049147 0.011294 0.370952 0.187915 0.227727 0.192274 0.199720 0.111814 0.246119 0.247661 0.071522 0.098386 0.060134 0.208086 -0.105237 0.085015 0.018242 0.170411 0.107764 -0.038397 -0.122757 0.315424 -0.173883 -0.015367 0.184310 0.115376 0.199681 -0.014647 -0.032904 0.068180 0.017570 -0.112228 0.144753 0.314601 0.033853 0.102707 0.111244 0.028840 0.175242 0.046406 -0.056807 0.009301 0.109249 -0.075883 0.079245 0.148190 0.006486 0.018179 0.174169 0.136348 0.074869 0.063522 -0.014110 0.320129 0.132793 0.219243 0.111336 0.105798 0.176734 -0.000888 0.143711 -0.045637 0.112283 -0.170811 0.077306 0.022838 -0.009489 0.101661 0.036274 0.220914 0.080962 0.055790 0.314950 0.006963 -0.053353 -0.077111 0.165722 0.099277 0.093097 0.012082 -0.058381 0.133248 0.087854 0.059056 0.152668 0.140919 -0.014913 0.097709 0.124445 0.046886
-0.226842 0.075068 0.177226 0.026561 -0.079339 0.132391 0.153612 0.044072 -0.073286 0.025394 -0.030648 0.271617 0.000000 0.184694 -0.089631 0.116013 0.313095 0.001812 0.148518 -0.082390 -0.063435 -0.026395 0.216996 -0.080414 0.237653 -0.197487 -0.002421 -0.315324 0.071617 -0.022577 -0.026126 -0.199647 -0.152662 0.167891 -0.030511 0.009651 -0.039524 0.231475 0.266040 -0.093188 -0.048893 0.080649 -0.059145 -0.044808 0.060299 0.053613 0.019492 0.053176 -0.036698 0.033424 -0.098993 -0.127031 0.016245 -0.007125 -0.001083 0.215691 0.141808 -0.026315 0.126551 -0.034268 0.098543 0.008868 0.097908 0.187539 -0.173062 -0.086155 -0.067827 0.066709 0.022669 0.073555 0.054399 -0.102310 -0.198828 -0.202682 -0.068190 0.023120 -0.038382 -0.125985 0.077094 -0.077185 0.185436 0.079162 0.031701 0.242173 0.092586 -0.128103 -0.086387 -0.180870 0.011224 -0.112564 -0.118476 -0.067596 0.298907 0.061689 -0.047001 -0.201787 0.133070 -0.055333 0.147530 0.107183 -0.163310 -0.144034 -0.049815 -0.235452 0.062668 0.191589 -0.002258 0.007880 -0.106542 0.032224 -0.030757 -0.088480 0.016433 0.183424 0.279989 0.145561 -0.053468 -0.028230 0.006538 -0.041640 -0.022594 -0.053893 0.076946 0.084709 0.235194 -0.110907 0.049228 0.036806 -0.001231 -0.036071 -0.211117 0.278660 -0.072678 -0.110218 0.103419 0.143120 0.103216 -0.112889 -0.128639 -0.101935 -0.000106 -0.096282 0.040491 -0.031556 -0.081655 -0.081231 0.115275 0.078983 -0.019579 -0.025850 0.151486 -0.048934 -0.065491 0.014663 -0.033924 0.464613 -0.091206 -0.232015 -0.147920 -0.168428 -0.119843 -0.081450 0.282188 0.345567 0.030808 0.248626 -0.031114 0.029067 0.030752 0.201676 0.224681 0.036678 -0.235233 0.057707 -0.255377 -0.117008 -0.225511 0.113635 0.002773 0.067829 -0.067534 -0.085152 0.061670 -0.003992 -0.038662 -0.109043 -0.022882 -0.130269 -0.090366 -0.064458 -0.048893 0.081492 0.091398 0.091988 -0.080107 -0.066860 0.032688 0.019026 -0.017248 -0.007745
-0.034013 0.032220 -0.065813 -0.034168 0.128384 0.090053 0.237357 0.037197 0.080738 0.064648 0.030703 -0.036495 0.184694 0.000000 0.109286 0.181783 0.154328 -0.017698 0.081345 -0.060173 -0.032161 0.278499 0.107347 0.019411 0.225914 0.126390 -0.193370 0.010532 -0.057061 -0.005801 0.100997 -0.267734 0.006623 0.277685 0.014886 0.110696 0.095711 0.086646 0.173010 0.089813 0.028527 0.234396 -0.114941 0.049675 0.101804 0.274946 0.126356 0.023474 0.028282 0.014357 -0.033056 0.064172 0.052777 -0.138045 0.210786 -0.013978 0.344500 -0.023723 0.113986 -0.000816 0.105291 0.066425 0.114230 0.044554 -0.038243 0.052357 -0.060374 0.217362 -0.172471 0.019541 0.016597 0.081984 0.196034 -0.202469 0.263945 0.004408 0.037238 -0.151731 0.069017 0.076112 -0.221476 0.248279 0.119989 0.163456 -0.179600 0.049812 -0.132674 0.006237 -0.040732 -0.015717 -0.008354 -0.112963 0.135596 0.164358 0.121036 -0.037460 0.119086 0.129591 0.128182 0.112158 -0.122846 -0.043566 -0.058242 -0.076735 0.031446 -0.058853 0.085510 -0.071124 0.086763 -0.051379 -0.125139 -0.159765 0.090450 0.216734 0.061549 0.139542 0.025095 0.109321 0.230024 -0.119441 0.143034 0.150872 0.031911 0.053001 0.089384 0.039835 0.173584 0.125508 -0.228749 0.078604 -0.164062 0.090581 -0.005836 0.026840 0.125262 0.139256 0.066686 0.007656 0.123648 -0.086823 -0.223108 -0.114773 -0.104476 0.026258 0.078519 0.101009 -0.064752 0.040871 0.197327 0.037891 0.005727 0.013255 0.085769 0.005041 0.020862 0.083078 0.030448 -0.078191 0.040451 0.214890 0.027366 0.016850 0.027749 0.082153 0.114457 0.216128 0.088895 0.093776 -0.055743 -0.033699 0.141120 0.028986 0.044082 -0.236460 0.083774 -0.014122 -0.083507 -0.018019 0.203989 0.169803 0.064004 0.024964 0.219573 0.019009 -0.137574 0.177446 0.099733 0.045233 0.140593 -0.111913 0.237463 0.028787 -0.183935 0.075103 0.084930 -0.042053 0.063083 -0.108042 0.090451 -0.014340
-0.169671 -0.143088 0.269132 -0.171141 0.041020 0.080820 -0.138618 -0.033455 -0.192795 -0.038999 -0.068820 0.253842 -0.089631 0.109286 0.000000 -0.063413 0.050717 -0.023791 0.176288 -0.130754 -0.155376 0.080978 -0.023593 -0.117494 -0.011011 -0.144684 -0.039956 -0.215226 -0.039432 0.100616 -0.028756 -0.128620 -0.172714 -0.132633 -0.016126 -0.082131 0.001332 0.070601 -0.020020 -0.073564 0.000790 0.024799 -0.125674 -0.079851 0.061565 0.114252 0.009653 0.108396 0.079753 -0.075305 0.019078 0.000548 -0.112533 -0.192421 -0.076790 0.024378 0.004452 0.037853 -0.077778 -0.134339 0.058793 0.292202 -0.157552 -0.166080 -0.085643 -0.097923 -0.143505 -0.058936 0.051443 -0.111250 -0.041050 -0.050661 -0.090762 -0.176259 0.071438 0.178954 -0.095047 -0.053655 -0.202582 -0.147553 0.273630 -0.048476 0.030585 0.022607 -0.006365 0.073289 0.069887 -0.214186 -0.186446 -0.156770 -0.108964 -0.090952 -0.094019 0.082473 0.103765 -0.077087 0.042798 -0.239708 -0.055974 0.048015 -0.123396 -0.017062 0.051669 -0.023730 0.086022 0.104564 -0.014784 -0.172506 0.009990 -0.082268 -0.136285 0.021240 -0.183802 0.003349 -0.015764 -0.029982 -0.224212 -0.132860 -0.141245 -0.144359 -0.035550 0.121175 -0.088895 -0.095540 -0.026104 -0.170453 0.101472 -0.131496 -0.049091 0.001891 -0.143093 0.077004 -0.134997 -0.150003 0.027046 0.207327 -0.053942 -0.046637 0.058459 0.026367 -0.030059 -0.101405 0.044359 -0.072727 0.080103 -0.193567 0.200110 0.223021 -0.052018 -0.120140 0.018886 -0.159891 0.108855 -0.108461 0.097353 0.147618 -0.120741 -0.207044 -0.241479 0.086507 -0.228391 -0.138279 0.284313 0.072407 -0.168735 0.205665 0.004552 -0.007298 -0.095333 0.068612 -0.046404 0.167062 -0.092844 0.117673 -0.088839 -0.102134 -0.220555 -0.092779 0.068683 -0.154666 -0.069967 -0.134361 -0.054922 -0.183161 -0.134693 -0.163040 -0.050356 -0.078638 0.022327 -0.045200 0.065919 -0.095962 -0.160477 0.005741 -0.094913 -0.105244 0.173110 -0.010995 0.177569 -0.066012
0.015137 0.101898 0.221539 -0.093044 -0.055733 0.167046 0.018010 0.043946 -0.005622 0.040127 0.275107 0.317904 0.116013 0.181783 -0.063413 0.000000 0.025067 0.013537 0.179561 0.004362 0.084608 0.008384 0.186606 0.094884 0.173135 0.037073 -0.175098 -0.137171 -0.008095 0.013882 0.114309 -0.229992 0.123370 0.030034 -0.111195 0.057384 -0.045816 0.359309 0.479508 -0.079239 0.048725 0.398279 -0.067642 0.143579 0.062596 0.244070 0.092008 0.133720 0.207850 0.057355 -0.117711 -0.130074 0.195756 0.194806 0.007685 0.372007 0.237040 0.075405 0.040017 -0.011463 0.385259 0.176190 0.159379 0.052456 0.007201 -0.044628 -0.089119 0.078992 0.259392 0.034482 -0.038989 0.126524 0.048147 0.150752 0.360846 0.185235 0.212302 0.075103 -0.047149 0.118895 0.299353 0.275367 0.157431 0.246966 0.094326 -0.041958 0.094777 -0.093448 0.131280 0.055221 -0.108876 -0.039706 0.072043 0.200537 0.148283 -0.030222 0.168500 -0.097049 0.279712 0.147594 -0.133883 0.123293 -0.035615 -0.157823 0.198340 0.230153 0.252523 0.182661 0.046618 0.001863 0.072983 -0.011678 0.264278 0.353847 0.074199 -0.137907 0.129356 0.062159 0.061693 0.041090 -0.128423 0.156173 0.122472 0.168089 0.335755 -0.040923 0.245238 -0.100360 0.176429 -0.030268 0.055131 0.040944 0.023168 0.024859 0.100537 0.034934 0.016005 0.044281 -0.044639 -0.023876 0.073485 0.177075 0.116347 0.174782 0.186538 0.108313 0.210413 -0.033137 0.167101 -0.040580 0.389660 0.085267 0.177194 -0.048983 0.037793 0.314969 -0.063853 0.134208 0.142419 -0.028615 -0.018121 -0.044939 0.210433 0.313885 -0.006519 0.306536 0.221975 0.108683 0.350627 0.168932 -0.156610 0.232615 0.000521 0.099610 0.204831 0.017952 0.051625 0.021119 0.108587 -0.042768 -0.039863 0.108070 0.478634 0.038397 -0.069874 0.042244 0.132824 -0.098825 0.266491 0.033636 0.175797 0.171259 -0.036295 0.145755 0.259839 0.168651 0.117428 -0.048478 0.084271 0.102672
-0.058003 0.086608 0.205280 0.014438 0.106473 0.094199 0.267211 0.079264 0.077185 0.014074 0.156275 0.377076 0.313095 0.154328 0.050717 0.025067 0.000000 0.011405 0.221166 -0.049580 0.088098 0.060915 0.102594 0.129725 0.148445 -0.096695 -0.069410 -0.034269 0.210563 -0.045971 0.164747 -0.077423 0.113751 -0.060776 -0.125413 -0.038367 -0.087498 0.500329 0.163529 0.057354 -0.020395 0.099210 -0.009129 0.189402 0.012190 0.230428 0.081795 0.028679 0.118538 0.006001 -0.014262 -0.140406 0.070212 0.161500 0.105665 0.168825 0.098181 0.140138 -0.037486 0.077587 0.351578 0.088269 -0.138565 0.166631 0.058655 0.057171 0.019304 0.119855 0.219026 0.183532 -0.007036 0.260024 0.089762 -0.054581 0.308832 0.135272 -0.070243 -0.012223 0.096282 -0.022187 0.240088 0.094077 0.239012 0.191936 -0.035513 -0.075799 -0.043719 -0.086087 0.128120 0.244020 0.034582 0.049889 0.090714 0.094411 0.021509 0.052238 0.016729 0.021594 0.054892 -0.151188 -0.060406 -0.032527 -0.070615 0.048867 0.154069 0.309457 0.306701 0.167261 0.117018 0.089720 0.082618 0.004328 0.262346 0.051546 -0.044181 0.174413 0.229472 0.127876 0.107111 0.000634 -0.004060 0.028091 0.185274 0.129586 0.150509 -0.126435 0.044239 0.081637 0.164752 -0.014637 0.017585 -0.035125 -0.076863 0.181118 -0.012157 -0.056388 0.199936 -0.067159 0.114536 -0.007329 0.010578 0.065633 -0.022024 0.123261 0.086786 0.147631 0.198629 -0.055768 0.117751 -0.019644 0.047729 0.067742 0.174752 0.032866 0.087104 0.022676 -0.049342 -0.033286 -0.041806 0.001393 0.094390 0.096522 0.145685 0.214684 -0.053587 0.097551 0.229871 0.103479 0.172595 -0.171519 0.085665 0.066592 0.209568 0.096676 0.056449 0.028318 -0.045440 0.107888 0.094332 0.188195 0.020966 0.180212 0.333636 0.104644 0.050345 -0.065334 0.349895 0.046613 0.073924 0.064877 0.252443 -0.031451 0.066133 0.140996 0.015990 0.110621 0.150963 0.072642 0.132354 0.087058
-0.253632 -0.092571 0.188509 -0.074917 0.021453 0.035466 -0.002040 -0.133801 -0.049422 0.029643 -0.093811 0.215219 0.001812 -0.017698 -0.023791 0.013537 0.011405 0.000000 0.177139 -0.242036 -0.197176 0.182364 -0.007519 -0.147565 -0.044657 -0.161061 -0.113170 -0.230876 0.019839 -0.093678 -0.081736 -0.164658 -0.154678 0.027785 -0.164765 0.077881 0.050865 -0.043632 0.048491 -0.028661 0.000790 0.065539 -0.118158 0.004050 0.174046 0.263435 0.074920 0.162308 0.004317 -0.178791 -0.008269 -0.072667 -0.113557 -0.221701 0.028733 0.153793 0.222491 0.093973 -0.060136 -0.163915 0.011305 0.246866 -0.005444 -0.184948 -0.217830 -0.116547 -0.219555 0.002467 -0.225996 -0.064579 0.005620 0.018413 -0.014107 -0.237974 0.011641 -0.029070 -0.136163 -0.109690 -0.100541 -0.072708 0.114260 0.232578 -0.124028 0.127239 -0.112803 -0.127621 -0.092390 -0.209004 -0.079260 -0.201108 -0.002339 -0.105453 -0.032433 0.145809 0.065587 -0.197934 0.001439 -0.182339 0.086190 -0.035720 -0.059803 -0.226666 -0.033199 0.018598 0.072445 0.012923 -0.184209 -0.111621 0.013369 -0.019303 -0.194965 -0.096375 -0.094935 0.081533 -0.118048 -0.037234 -0.247628 -0.073073 -0.067463 -0.204989 0.037645 0.084712 -0.091820 0.018791 0.030250 -0.083127 -0.061540 -0.042101 -0.170581 0.122140 -0.320406 0.053691 0.008879 -0.157192 0.119859 0.175269 -0.017559 -0.233526 0.090205 -0.005559 -0.122317 -0.229318 -0.131062 -0.077282 0.080250 -0.109957 0.206704 0.381724 0.080677 -0.173319 -0.068842 0.029114 0.036151 -0.089389 0.084713 0.170778 -0.183625 -0.279537 -0.215667 -0.032095 -0.230216 -0.068411 0.270744 -0.003913 -0.145633 0.120578 0.042150 -0.098525 -0.102370 -0.095687 -0.086453 0.018056 0.034573 0.119411 -0.139171 -0.164255 -0.280897 -0.055147 0.160703 -0.119250 -0.152223 -0.220908 0.084893 -0.115948 -0.262651 -0.067107 -0.024093 -0.122495 -0.075811 -0.017305 0.195938 -0.013358 -0.020864 0.072720 -0.026938 -0.173575 0.124056 -0.047011 0.056756 -0.116752
0.101260 -0.109313 0.248344 0.051147 0.136596 0.063342 0.142677 0.064019 -0.034513 0.112999 0.052525 -0.007531 0.148518 0.081345 0.176288 0.179561 0.221166 0.177139 0.000000 0.016264 -0.035111 0.327304 -0.003562 0.067495 0.016276 0.070398 0.002598 0.108975 0.031740 -0.029142 0.131171 -0.017594 -0.090120 0.236811 0.085727 0.052516 0.308691 -0.020467 -0.006015 0.111614 0.096888 -0.038028 -0.076696 0.098839 0.162870 0.224681 0.199162 0.165521 0.096658 0.199249 0.101291 0.034087 0.130784 -0.156150 0.083667 0.032592 0.161911 0.231790 -0.030310 -0.000515 0.060692 0.337887 0.134721 0.107596 0.082341 0.022862 0.026495 0.073280 0.015836 -0.034821 0.134392 0.037987 0.274717 -0.084331 0.211202 0.149387 0.097191 0.170204 0.073282 0.020087 0.119266 0.026044 0.056956 0.065341 -0.202576 0.091158 0.048238 -0.004998 0.059570 0.039039 0.071842 0.055414 0.149545 0.086438 0.348602 0.074604 0.242103 -0.037811 0.076990 0.143266 -0.036534 0.058399 0.028306 0.198662 0.131214 -0.031131 0.045727 -0.012323 0.018527 -0.014704 -0.118995 0.162654 0.032107 0.452492 0.162802 0.189799 -0.054696 0.007478 -0.047239 0.002103 0.077515 0.288363 0.075994 -0.124732 0.004598 0.084926 0.295545 0.180957 -0.033811 0.103870 -0.049645 0.285287 0.049573 -0.090076 0.181074 0.519203 0.121851 0.050255 0.252097 0.306414 -0.030776 -0.076218 0.144429 0.081812 0.149432 -0.008831 0.276226 0.091251 0.284483 0.082739 0.020612 0.032281 0.117181 -0.009547 0.088313 0.210197 0.022648 0.003846 0.090867 0.300638 -0.088858 0.199499 0.265740 0.140604 0.052113 0.343623 0.096329 -0.016691 -0.004539 0.064100 0.221663 0.133637 0.238952 0.034655 0.088588 -0.046470 0.006439 -0.040382 0.275832 0.133419 0.285729 0.009918 0.171678 -0.109881 0.095971 0.236565 0.147949 0.220494 0.148012 0.095393 0.266084 0.088746 -0.004722 0.134734 0.149892 -0.001707 0.201426 0.028737 0.274139 0.133930
-0.175287 0.034381 -0.029593 -0.222089 -0.132930 -0.125483 -0.068907 -0.076821 -0.171602 -0.195351 -0.064050 -0.057279 -0.082390 -0.060173 -0.130754 0.004362 -0.049580 -0.242036 0.016264 0.000000 -0.152504 -0.204811 0.146111 -0.366065 0.049346 -0.164115 -0.168159 -0.217636 -0.024532 -0.109212 -0.067948 -0.151254 -0.190878 -0.048317 -0.072971 -0.201005 -0.177135 0.046689 0.081738 -0.244928 -0.204327 0.132695 0.051321 -0.073684 -0.134645 -0.071691 0.013566 -0.173439 -0.051898 -0.197690 -0.202963 -0.135491 -0.177179 -0.003498 0.054331 0.021330 0.033153 -0.082841 -0.147146 -0.013129 0.257098 -0.057612 -0.094098 -0.042659 -0.184442 -0.217956 -0.084094 0.105886 -0.125127 0.041430 -0.034620 -0.087530 -0.232830 -0.235246 -0.351329 -0.117209 -0.243941 -0.177566 -0.053435 -0.229577 -0.169362 0.083802 0.002481 0.154079 -0.036292 -0.109129 -0.143910 -0.150525 -0.098692 -0.170071 -0.120646 -0.146824 0.150280 -0.046662 -0.152730 -0.211212 -0.041443 -0.119360 -0.026417 -0.051858 -0.224406 -0.127373 -0.267370 -0.296028 0.022007 0.033302 0.096817 -0.060566 -0.200595 -0.193851 -0.026202 -0.067422 -0.191371 0.046534 0.006842 -0.002533 -0.140857 -0.173809 -0.154339 -0.139449 -0.136269 -0.086857 -0.054706 -0.001554 0.042469 -0.211711 -0.115299 -0.093994 -0.123711 -0.112527 -0.186500 0.079447 -0.121947 -0.093857 -0.083535 -0.177148 -0.100366 -0.118828 -0.177071 -0.107665 -0.088944 -0.106963 -0.120247 -0.337069 -0.094147 -0.217356 -0.166422 -0.067925 -0.129068 -0.150564 0.184038 -0.133996 -0.160498 -0.024301 -0.047418 0.151583 -0.086348 -0.218392 -0.233843 -0.181603 -0.155155 -0.168377 -0.140350 0.090980 -0.103034 -0.021088 -0.260665 -0.110715 -0.111744 0.031129 0.122464 0.009659 -0.231841 -0.133061 -0.212497 -0.184526 -0.198138 -0.013168 0.018999 0.106267 -0.140759 -0.216042 -0.228671 -0.205464 -0.224392 -0.133509 -0.154681 -0.221802 -0.011827 -0.144530 -0.072384 -0.199377 0.082804 -0.012331 -0.238433 -0.214212 -0.199424 -0.041794 -0.138501 -0.286029
0.127732 -0.011776 -0.015688 -0.147571 0.005789 0.038297 -0.200212 0.029119 -0.140638 -0.231661 0.070156 -0.015454 -0.063435 -0.032161 -0.155376 0.084608 0.088098 -0.197176 -0.035111 -0.152504 0.000000 0.058680 0.052268 -0.074524 0.085608 0.095976 -0.085726 0.260846 -0.098050 -0.026607 0.199872 -0.093959 -0.076291 0.059889 -0.061084 -0.203100 -0.148903 -0.063441 -0.028533 -0.215337 -0.095409 -0.043818 -0.003780 0.079280 -0.021716 -0.038614 0.034001 -0.188027 0.045195 -0.037477 0.060429 -0.062237 -0.086530 -0.054846 -0.036808 -0.034067 0.165120 -0.137157 -0.066053 0.016398 0.063843 0.010814 -0.096079 -0.003302 0.236181 -0.143849 -0.073239 -0.195430 0.088682 -0.127720 -0.051609 0.012755 0.101230 0.092452 0.017351 0.126004 -0.221250 -0.049104 -0.077045 -0.264263 -0.042943 0.003997 0.041189 0.100563 0.073637 -0.022944 -0.045624 -0.044596 -0.170023 -0.005035 -0.136460 -0.060331 0.026255 -0.038639 0.142033 0.103391 0.074020 -0.076795 0.063686 0.059814 -0.098997 0.230011 -0.074696 -0.084957 -0.086197 -0.051805 -0.022978 -0.061870 0.005709 0.105358 0.215274 0.022057 -0.011254 0.017332 0.015798 0.041756 0.053818 -0.142017 -0.015171 -0.248599 -0.026485 0.022978 0.174169 -0.039211 -0.048404 -0.193441 -0.105736 -0.063728 0.091234 -0.128954 0.074742 -0.004386 -0.078617 0.026592 -0.016228 0.027898 -0.042397 0.090303 -0.089907 0.126744 0.064652 0.093410 0.136132 0.036807 0.072628 -0.014181 -0.080123 0.019399 0.070614 0.104483 0.066490 -0.221376 0.160672 -0.078023 -0.106264 0.075878 0.010155 0.022157 0.034857 0.001500 -0.125515 -0.035930 0.044756 0.111980 0.086583 -0.079881 0.004892 -0.101372 0.002615 0.070476 0.083842 0.124251 0.072052 -0.080533 0.241084 -0.108056 0.095341 -0.088258 0.058733 0.030067 0.102850 -0.095655 -0.033414 -0.067726 -0.196813 -0.116108 0.000171 0.353691 0.183965 -0.056622 0.103158 -0.114493 0.002557 -0.150057 0.085330 0.021915 0.052818 0.079649 0.124097 -0.034223
