-0.000000 -0.032046 -0.021584 -0.051734 -0.033773 -0.022601 0.027770 -0.047470 -0.110616 -0.045991 0.019521 0.007835 -0.008481 0.008260 -0.037418 -0.043721 0.003061 -0.085279 -0.000267 0.046444 -0.013761 0.004460 0.025915 -0.005902 0.012507 0.037808 -0.029296 -0.004794 -0.099283 -0.065392 -0.021785 0.016489 -0.059469 0.004635 0.009684 -0.108632 -0.039763 -0.090662 -0.027332 -0.020828 -0.031196 0.066702 0.001875 0.020821 -0.080173 -0.059456 -0.019820 -0.021026 -0.026194 -0.050603 0.015813 -0.015918 -0.004675 0.136936 -0.035876 -0.012132 0.080108 -0.067785 0.010010 -0.036831 -0.036479 -0.004237 -0.042398 -0.074479 -0.035419 -0.056459 -0.001922 -0.020180 0.004389 0.021642 0.042927 0.006068 0.067113 0.071758 -0.003209 -0.026373 -0.048636 0.016007 -0.073922 -0.040228 -0.013326 -0.023947 0.036466 0.006132 -0.010485 -0.037265 -0.013362 -0.036115 0.030217 -0.059442 -0.014975 -0.024732 -0.002165 0.028114 -0.034444 0.004409 -0.020315 0.008744 -0.038843 0.016211 -0.024219 0.066352 -0.091451 0.020300 -0.005939 -0.068701 -0.018014 -0.001293 -0.024310 0.008649 0.020754 0.034943 -0.007589 -0.033821 0.040482 -0.016504 0.038330 -0.067707 0.012406 -0.102080 -0.004094 -0.039588 -0.001803 0.013343 0.007706 -0.045349 -0.047862 -0.032673 0.000125 0.014280 0.027830 -0.023226 -0.004182 -0.035027 -0.000675 -0.019038 -0.013586 0.046509 -0.001064 0.018660 0.046950 0.131224 -0.016886 0.074457 -0.020486 -0.018008 -0.034710 -0.007159 0.003277 -0.087228 0.013933 -0.062264 -0.029710 -0.038429 -0.025985 0.006864 -0.035200 0.032757 0.028387 0.014987 -0.003117 -0.067411 -0.104396 0.000163 -0.052155 -0.009414 0.019926 0.024195 0.042409 -0.026293 0.012357 -0.020851 0.001173 -0.047541 0.059735 -0.062313 0.002840 -0.001524 0.008446 0.014582 0.023728 -0.054425 0.080366 0.029692 -0.032868 -0.037431 -0.012530 -0.085248 -0.068969 0.012047 -0.061433 -0.051980 0.024727 -0.018316 -0.043955 0.077516 -0.069264 -0.014871 0.037115 -0.047910
-0.032046 -0.000000 -0.021648 0.064017 -0.041982 0.051811 -0.036125 0.092919 -0.048424 -0.067511 -0.114926 0.046442 0.059724 -0.043018 -0.011969 -0.017994 0.050985 -0.043842 0.048377 0.109938 0.069501 0.001603 0.051522 0.090968 0.051932 -0.001974 -0.046450 0.054185 -0.039171 -0.029681 0.074274 0.009554 0.087088 0.031595 0.097951 -0.111117 -0.023687 0.059174 -0.004994 -0.009367 -0.039212 0.002903 -0.059948 -0.039060 -0.077020 -0.043337 0.029683 -0.015500 -0.078657 0.011100 -0.028133 -0.039579 -0.026789 0.079789 0.029236 -0.036949 0.009128 -0.098579 0.150065 0.071920 -0.042057 0.045350 -0.036917 0.013375 0.074946 0.090409 0.047599 -0.033720 0.043514 0.059483 -0.001910 -0.085770 -0.020063 -0.070280 0.028387 0.069996 -0.112661 -0.100034 0.055373 -0.111806 0.028274 -0.162736 0.107195 0.013039 0.020823 -0.040320 -0.019997 0.027739 -0.026182 0.037030 -0.115120 -0.041326 0.085221 -0.016088 -0.107960 0.085161 0.048060 0.052902 -0.097202 -0.019558 -0.128614 -0.008284 -0.072163 -0.009094 0.069398 -0.007950 0.013986 -0.007953 -0.078167 -0.014053 -0.004896 -0.078572 0.008470 0.019209 0.007272 0.062383 -0.047312 -0.032633 0.106132 -0.125007 0.088263 0.002695 0.056710 0.000047 0.071941 -0.090016 -0.108281 0.103635 0.010703 -0.011619 0.016894 0.085697 -0.091833 0.136843 0.018192 0.113494 0.064530 0.032658 -0.072959 -0.032678 0.063268 0.053128 0.018539 0.135565 -0.017007 0.106781 0.031489 -0.042447 -0.108071 0.052587 0.010851 -0.057647 0.005992 -0.008158 -0.015367 0.030630 0.018250 -0.077347 -0.095174 0.031462 0.061259 -0.035096 0.034558 0.060928 0.047655 -0.006270 0.115286 0.059047 -0.068759 0.048002 0.070673 0.043311 -0.099830 -0.115173 -0.032701 -0.090518 0.019828 0.008807 0.098643 0.105268 -0.044489 0.052564 0.017547 0.151675 0.081762 -0.098479 -0.100571 0.070599 0.028986 -0.008510 -0.085403 -0.028205 -0.046863 -0.052715 -0.045091 0.044699 0.012220 -0.011329 0.037177 0.087911
-0.021584 -0.021648 -0.000000 0.068080 0.053918 0.023687 -0.056760 -0.004695 -0.018799 -0.036957 -0.000053 0.055423 0.010792 -0.073372 0.058639 -0.029573 0.030198 -0.001585 0.051022 0.055496 0.001366 0.085026 -0.038261 0.002583 -0.043600 0.003676 -0.028535 0.024657 -0.014102 -0.038466 -0.026381 0.065753 -0.002222 -0.003299 0.050027 -0.036315 -0.023440 0.036541 -0.003148 0.059738 0.010285 -0.019148 -0.002731 -0.056788 -0.030057 -0.013984 0.061606 0.001685 -0.005537 -0.020047 0.031326 0.021592 0.058708 -0.048796 0.034424 -0.031757 -0.002777 0.005698 0.072505 0.028549 0.014852 0.035670 -0.007754 -0.024919 -0.035906 0.002198 0.025378 0.013386 0.019898 -0.003131 0.029443 0.044266 0.034356 -0.024853 0.073991 0.023132 -0.092062 -0.002063 0.000826 -0.078409 -0.063897 -0.032315 0.076000 0.053691 -0.099063 0.052251 -0.000805 -0.000564 -0.048596 -0.002458 0.071758 0.029534 0.021364 0.051597 -0.021483 -0.006392 -0.071504 0.012647 -0.054905 -0.005782 -0.041181 -0.073207 -0.027877 0.024139 -0.027307 0.102390 0.021982 -0.036272 -0.013254 -0.009190 -0.036756 0.029586 -0.013027 0.017807 -0.008846 -0.001118 0.005527 -0.041597 0.024572 -0.060851 0.070387 0.046975 0.035507 -0.005695 0.051198 -0.069409 -0.003375 0.047249 0.037379 0.079675 -0.059277 0.008093 -0.026753 0.060895 0.067061 0.023825 0.032901 -0.027840 0.077163 0.048012 0.039046 -0.058322 -0.077261 0.110016 0.015831 0.015617 -0.104422 0.029459 0.031954 -0.020893 -0.056685 -0.009182 0.008510 -0.042002 0.021160 -0.075656 -0.035423 -0.078928 -0.036958 0.102014 -0.009112 0.028829 -0.041169 0.041434 0.020353 0.028187 0.020810 0.037673 -0.080484 -0.027406 0.019200 -0.022541 0.037851 -0.027334 -0.033812 -0.058710 -0.023731 0.028624 0.027724 0.032776 0.060522 -0.017141 -0.008057 0.041232 0.056615 0.029304 0.021600 -0.017425 -0.012200 0.027795 0.016996 -0.058544 0.035307 0.001368 -0.019759 0.030645 -0.033499 -0.000680 0.082458 0.067637
-0.051734 0.064017 0.068080 -0.000000 -0.006065 0.027461 0.087454 0.066798 -0.003853 -0.053018 0.022923 0.012936 0.072486 0.074058 0.061683 -0.009462 0.067092 -0.011106 0.044729 0.043303 0.018361 0.016020 0.037342 -0.018523 0.101771 -0.049025 -0.036564 0.021039 0.020085 -0.014677 0.017770 0.007850 0.057651 -0.035032 0.036998 -0.067531 -0.014230 0.056531 0.016881 0.018261 -0.020097 0.000029 -0.017322 0.005895 0.002440 0.022448 0.047575 0.046402 0.009706 0.007108 0.024418 0.005052 0.045066 0.039835 0.092971 0.011718 0.074187 -0.003708 0.058214 0.054975 0.033186 0.027231 -0.017286 0.029996 -0.017354 0.031485 -0.013487 0.026529 0.122066 0.040577 0.104113 0.017260 -0.002855 0.031808 0.012243 0.044304 -0.063918 0.019281 0.066558 -0.075405 0.049487 -0.000820 0.086538 0.073993 0.017586 0.019132 0.014101 -0.045242 0.031558 0.016056 0.004895 -0.005727 0.073401 0.098410 0.026555 0.048782 0.010362 0.007982 -0.023419 0.020120 -0.006922 -0.039434 -0.059797 -0.016745 0.088263 0.054824 0.069941 -0.026474 0.015069 0.067045 -0.012370 0.055730 0.023066 0.065046 0.086647 0.059638 0.028037 -0.037224 0.068636 -0.086366 0.028566 0.001762 0.018989 0.055089 0.046737 -0.058689 0.029773 0.097264 0.039650 -0.046935 -0.005372 0.055166 0.018549 0.035104 0.039777 0.032238 0.071572 0.007529 0.026773 0.032920 0.010848 0.014607 -0.005305 0.074550 0.021225 -0.040671 0.038150 0.084243 0.050415 -0.012616 0.025992 -0.103803 0.062832 -0.017766 -0.003342 0.063851 0.014232 -0.082312 -0.058525 0.051492 0.078163 -0.086569 0.058645 0.111813 -0.066489 0.036609 0.011619 0.041088 0.025686 0.054588 0.071826 -0.021443 -0.008823 0.006968 -0.004986 -0.059559 -0.028396 0.038255 0.044961 0.068678 0.039429 0.004117 0.026590 -0.005024 0.060818 -0.001688 0.020768 0.009896 -0.003143 -0.019801 0.028316 -0.042586 0.016719 -0.046329 -0.047833 0.079584 0.031564 0.052345 0.025399 -0.012816
-0.033773 -0.041982 0.053918 -0.006065 -0.000000 -0.040265 -0.120937 0.013699 -0.070254 -0.078143 -0.022169 0.002383 -0.050393 -0.066252 -0.050377 -0.053926 0.028616 0.006931 0.034639 -0.026078 -0.031498 0.057384 -0.042732 -0.001925 -0.073477 -0.056666 -0.030176 0.009994 0.027030 0.000067 -0.041801 0.050620 -0.011399 -0.033935 -0.002532 -0.056576 0.023705 0.037193 0.007044 0.075346 -0.054912 -0.076152 -0.015558 -0.037156 0.006488 0.081174 -0.056310 0.034264 -0.004090 -0.057525 0.054033 -0.005588 0.009611 -0.047744 -0.046395 -0.065519 0.004344 0.081099 -0.011831 -0.004603 -0.017751 0.072020 -0.006319 -0.080494 -0.054598 -0.015342 -0.048525 0.024344 -0.012891 0.051202 -0.026229 -0.014283 0.012591 0.021426 -0.011370 0.016094 -0.035137 0.005232 -0.036135 -0.054956 -0.018906 -0.001777 0.022943 0.039000 -0.076527 -0.001802 0.015133 -0.014927 -0.006411 -0.013631 0.106259 0.000408 0.007091 0.019494 -0.060891 0.012511 -0.041540 0.009007 -0.037747 -0.013106 0.002195 -0.067159 0.001112 -0.001434 0.028040 0.046080 0.004170 -0.009444 0.096721 0.037819 -0.033282 -0.023819 -0.032945 0.025836 -0.042238 -0.028675 -0.050116 -0.073479 -0.033089 -0.077169 0.009485 0.052314 -0.004582 -0.055685 -0.033272 -0.078057 -0.058135 -0.016672 0.038954 -0.005121 -0.048630 0.031741 0.023877 0.035459 0.007560 0.000015 -0.013293 -0.046016 0.035046 0.039872 0.023274 -0.042167 -0.035384 0.066640 0.011820 -0.019974 -0.007755 0.023998 0.027217 -0.076122 -0.050229 -0.016987 -0.003811 -0.021820 0.028527 -0.032665 -0.019263 -0.063368 -0.063668 0.035082 -0.063083 -0.068055 -0.050477 0.009206 -0.061616 0.029105 -0.004361 -0.022283 -0.085506 -0.038709 0.025830 -0.019837 0.007978 0.043360 -0.045014 -0.070934 -0.048329 -0.019007 0.031028 0.008653 0.019535 -0.049139 -0.064932 -0.030352 0.016354 0.038791 -0.007254 -0.017783 -0.017383 -0.001508 -0.030127 -0.027462 0.035715 0.036139 -0.025022 -0.018295 -0.098755 -0.021934 0.036205 0.021162
-0.022601 0.051811 0.023687 0.027461 -0.040265 -0.000000 0.015382 0.014199 -0.082810 -0.139269 0.020386 -0.010831 -0.049643 0.108164 -0.002332 -0.021144 0.070671 -0.098951 0.013905 0.002616 -0.048960 -0.020074 0.027741 0.013677 0.012093 -0.037078 -0.044392 -0.024002 -0.080506 -0.079381 -0.043153 0.040143 0.016974 -0.018226 0.014292 -0.074931 -0.104440 0.033298 0.013210 -0.039402 -0.047998 -0.054916 0.006926 -0.126671 -0.107059 -0.037105 -0.032342 -0.045260 0.028382 -0.085725 0.025635 -0.003179 0.061776 -0.017032 -0.022996 -0.024844 0.070732 -0.027361 -0.034125 -0.027939 0.013838 -0.012546 0.019649 -0.095373 -0.067139 -0.068804 -0.040049 -0.068616 0.052710 -0.019057 0.090533 0.047251 0.038608 0.042345 -0.002860 0.034076 -0.153787 -0.027702 -0.081720 -0.121231 -0.013260 -0.001692 -0.018037 0.013089 0.000959 -0.051242 0.006549 -0.014304 -0.067175 -0.084051 -0.012669 -0.043259 0.010705 0.011813 -0.015119 -0.037191 -0.001781 -0.009871 0.006434 0.008080 -0.038799 -0.055753 -0.064707 -0.083735 -0.026188 0.030761 0.039451 -0.085982 0.007506 -0.002223 -0.069833 -0.024289 0.017321 0.041512 -0.000510 -0.025363 0.053728 -0.098490 -0.018934 -0.091866 0.028432 -0.005966 -0.054944 0.030105 -0.036568 -0.172414 0.010085 -0.002997 0.068577 -0.044395 -0.067562 0.016029 0.020514 -0.041444 0.000216 -0.037963 -0.036069 -0.047872 -0.012521 -0.001831 0.027710 -0.035776 -0.056214 0.071699 -0.025428 -0.007902 -0.029752 -0.051262 0.011041 -0.035530 -0.009561 -0.160053 -0.008548 0.008879 -0.028006 -0.018786 -0.002993 -0.105213 -0.052456 0.028176 -0.014870 -0.054923 -0.005600 0.079415 -0.005080 0.066167 -0.042945 -0.029220 0.020347 0.011298 0.001043 -0.046501 0.009337 -0.036680 -0.065931 -0.172416 -0.022508 -0.034806 0.022030 -0.006536 0.005658 -0.112369 0.000789 -0.022152 0.003853 0.011331 -0.004959 -0.037164 -0.014098 0.002972 0.006065 -0.083001 0.051713 -0.022588 -0.101369 0.050943 -0.033972 0.001689 0.012251 0.008504
0.027770 -0.036125 -0.056760 0.087454 -0.120937 0.015382 -0.000000 0.058459 -0.002125 -0.123827 -0.031097 -0.000733 0.081856 -0.082156 0.007754 0.101746 0.028055 -0.063266 -0.017263 0.071178 -0.029026 -0.113775 0.076913 0.115519 0.166609 -0.011778 -0.035417 -0.036083 -0.096237 -0.061070 0.146922 -0.060635 0.155612 0.061063 0.128235 -0.043777 -0.035678 0.008061 0.041262 -0.131439 -0.047625 -0.004912 -0.045682 0.018145 -0.024359 -0.069863 0.021822 -0.027502 -0.050977 0.013849 -0.055668 -0.029485 -0.050015 0.098739 0.013033 0.041026 0.050542 -0.084654 0.082614 0.023955 0.014470 -0.034848 0.045581 -0.038475 0.010279 0.050451 0.114210 -0.046490 -0.010180 0.044759 0.018244 -0.045150 0.022676 -0.024081 -0.031820 0.036382 -0.071795 -0.084790 0.045303 -0.099198 0.038247 -0.062404 0.038157 0.051397 0.072246 -0.027810 -0.036060 0.033720 0.005027 0.016954 -0.173478 -0.052456 0.091426 0.032511 -0.058419 0.000540 0.046355 0.064468 0.050926 0.046972 -0.075951 0.035263 0.023660 -0.122923 0.042793 -0.040016 -0.060886 0.036366 -0.072956 -0.037596 -0.063232 -0.084750 -0.007798 0.079490 -0.046262 0.111137 0.043159 -0.005098 0.147407 -0.109965 0.102634 -0.029020 0.008998 0.069383 0.074513 -0.096303 -0.082389 0.145415 0.036439 -0.060658 0.036041 0.112103 -0.066169 0.027418 -0.004023 0.102393 0.067488 0.032288 -0.141626 -0.103757 0.004703 0.096638 0.055624 0.069626 -0.045789 0.108188 0.036689 -0.047790 -0.130947 0.075439 0.098005 -0.125183 -0.046474 0.032656 -0.067201 0.102142 0.022796 -0.028749 0.000326 -0.019321 0.058093 -0.059967 0.093298 0.086382 0.084789 -0.060198 -0.035387 0.031406 0.028175 0.117454 0.102375 0.023967 -0.103749 -0.109385 0.010725 -0.085899 0.040177 0.050319 0.063029 0.118482 -0.090550 0.005254 -0.018641 0.150703 0.037619 -0.118662 -0.134672 0.072243 0.059785 0.002061 -0.055960 -0.028659 -0.092442 -0.021651 -0.026435 -0.001858 0.045100 -0.023003 0.003339 0.079560
-0.047470 0.092919 -0.004695 0.066798 0.013699 0.014199 0.058459 -0.000000 -0.146496 -0.114882 0.060881 0.008585 0.013501 0.064164 -0.015690 -0.071592 0.012020 -0.132277 0.026821 0.025675 0.091886 0.020951 -0.029810 0.056183 -0.046628 -0.039357 -0.037992 0.119858 -0.048776 -0.073589 0.046563 0.011395 0.037578 0.012719 0.056940 -0.073131 -0.082167 -0.007615 -0.051502 0.033046 -0.025455 -0.006954 -0.024361 -0.087487 -0.136645 -0.051571 -0.020358 -0.056708 -0.007294 0.027991 0.022948 -0.030522 0.022720 0.005356 0.067683 0.012526 0.002641 -0.065806 0.001227 0.108071 0.074286 -0.018956 -0.064312 -0.003738 0.115247 0.029586 -0.035221 -0.069033 0.055300 -0.019519 0.052829 0.010741 0.080021 0.045805 -0.020149 -0.000895 -0.092653 0.041596 0.051517 -0.122887 0.003387 0.034528 0.008334 0.044234 -0.049220 -0.029437 -0.016143 0.035893 -0.061057 0.037276 0.017838 -0.025634 0.062336 -0.061785 0.063735 0.026013 0.042874 0.028937 -0.066025 -0.056855 -0.017278 -0.057140 -0.032069 0.021961 -0.037179 0.037159 0.029910 -0.063890 -0.019920 -0.012612 0.096499 -0.027569 -0.020812 0.001686 0.061521 -0.039491 0.094333 -0.152925 0.026419 -0.120782 0.059429 -0.001842 0.104755 -0.013402 0.021978 -0.124322 -0.000945 0.070298 0.068445 0.008334 -0.033007 0.000279 0.023849 0.098870 -0.031315 0.017825 0.011530 -0.120595 -0.005045 -0.007145 0.042445 -0.027933 -0.016754 0.065979 0.030160 0.077982 0.007011 -0.052987 0.039539 0.022528 0.019738 -0.119098 -0.008601 0.029598 -0.025230 0.017952 0.070968 -0.055610 -0.032734 0.021422 0.052854 -0.024611 0.014519 0.043405 -0.005755 0.012140 0.034108 -0.027925 -0.004700 0.008843 -0.031334 -0.101351 0.046183 -0.018560 -0.032204 -0.115727 -0.027595 -0.046144 0.008987 0.061265 0.010771 0.024143 0.024992 0.008218 0.109503 0.058429 0.037390 0.066704 -0.038721 0.003642 0.043464 -0.099186 0.012230 -0.031266 -0.060701 0.059550 0.041254 -0.023504 0.014192 0.094966
-0.110616 -0.048424 -0.018799 -0.003853 -0.070254 -0.082810 -0.002125 -0.146496 -0.000000 -0.030822 -0.039869 -0.064179 -0.051589 -0.003861 -0.022732 -0.052972 -0.008303 -0.078445 -0.009402 -0.048891 -0.057875 -0.029359 -0.034338 -0.056094 -0.027695 -0.058503 -0.032121 -0.109658 -0.156638 0.012189 -0.059541 0.006776 -0.056889 -0.078872 0.039275 -0.086613 -0.093041 -0.078127 -0.047944 -0.035173 0.097519 -0.065374 -0.050977 -0.078929 -0.079187 -0.115864 -0.025690 -0.004132 -0.039889 -0.099382 -0.044152 0.016075 -0.048105 -0.026720 -0.039908 -0.032711 -0.054438 -0.049988 -0.025000 -0.095609 -0.086334 0.009122 -0.036104 -0.084622 -0.079579 -0.072716 -0.016213 0.016298 -0.017612 -0.003240 -0.005078 -0.016366 -0.078480 -0.037192 -0.060144 -0.069393 -0.075597 -0.055971 -0.108638 -0.075526 -0.045158 -0.022562 0.009636 0.013809 -0.062267 0.108296 -0.010325 -0.077332 -0.030061 -0.105056 -0.059198 -0.033646 -0.039562 -0.018465 -0.050501 -0.122555 -0.028697 -0.072292 -0.079555 0.003230 -0.036553 -0.078717 0.007925 -0.044830 0.009540 -0.052808 -0.029136 -0.035708 -0.052117 -0.010792 -0.071224 -0.064320 -0.139307 -0.042005 -0.042302 -0.080420 -0.041302 -0.026230 0.002644 -0.074055 -0.008756 -0.006483 -0.110863 -0.089902 -0.082044 -0.081263 -0.043765 -0.004654 -0.058688 0.017806 -0.095994 -0.054758 -0.064763 -0.044624 0.008775 -0.069433 -0.005976 -0.082334 -0.045302 -0.003583 -0.040195 -0.067131 -0.019563 0.030343 -0.025298 -0.062996 -0.034321 0.049884 -0.051544 -0.048766 -0.025175 -0.036518 -0.048500 -0.153351 -0.007125 -0.036649 -0.109888 -0.085808 -0.097938 0.027050 -0.071917 0.077665 -0.056035 0.002559 -0.037515 -0.017102 -0.115183 -0.048332 -0.043095 -0.050925 -0.077393 0.006539 -0.047948 -0.060497 -0.071033 -0.055060 -0.083410 0.002239 0.007523 -0.009726 -0.019469 -0.101822 -0.034947 -0.010305 -0.024925 -0.056260 -0.047578 -0.105533 -0.015085 0.103551 -0.085652 -0.066531 -0.085342 0.025043 -0.087081 -0.000253 -0.052859 -0.022740 0.039843 -0.082390
-0.045991 -0.067511 -0.036957 -0.053018 -0.078143 -0.139269 -0.123827 -0.114882 -0.030822 -0.000000 -0.060542 -0.098870 -0.068437 -0.048017 -0.046098 0.001975 -0.027349 -0.129254 -0.032905 -0.065012 -0.083759 -0.063574 -0.091446 -0.080944 -0.042021 -0.038182 0.019859 -0.099667 -0.168924 -0.068522 -0.077390 -0.022294 -0.061557 -0.040142 -0.026986 -0.122288 -0.094846 -0.053886 -0.055240 -0.099488 -0.036726 -0.065756 -0.027220 -0.053304 -0.083433 -0.149640 -0.094191 -0.052693 -0.032373 -0.106998 -0.047103 -0.050166 -0.067132 -0.063414 -0.091589 -0.087232 -0.027678 -0.064978 -0.095982 -0.082663 -0.058404 -0.041725 -0.014174 -0.109973 -0.112978 -0.101819 -0.066982 0.014755 -0.065531 -0.003355 -0.071544 -0.045766 -0.086485 -0.030367 -0.084982 -0.086787 -0.001352 -0.044066 -0.144183 -0.065934 -0.106225 -0.061427 -0.040745 -0.031966 -0.011263 0.009954 -0.011261 -0.093413 -0.027996 -0.149293 -0.063578 -0.092376 -0.071158 -0.021125 -0.063892 -0.131095 -0.061820 -0.109933 -0.060756 -0.001805 -0.045117 -0.049518 -0.001726 -0.114548 -0.038739 -0.062787 -0.077803 -0.025502 -0.041696 -0.003162 -0.111037 -0.041735 -0.121456 -0.065938 -0.063172 -0.065648 -0.053219 -0.031326 -0.095798 -0.033716 0.009105 0.052711 -0.103176 -0.092659 -0.097947 -0.040288 -0.062689 -0.041764 -0.015631 -0.058702 -0.055201 -0.040347 -0.055137 -0.093282 -0.049014 -0.087995 -0.037636 -0.095806 -0.112221 -0.035172 -0.044529 -0.072836 -0.020809 -0.007711 -0.013858 -0.097679 -0.097954 -0.012593 -0.056233 -0.050534 -0.025854 -0.045149 -0.058994 -0.132995 -0.046592 -0.046481 -0.126213 -0.087832 -0.125979 0.044174 -0.136778 -0.019759 -0.114954 0.009054 -0.047811 -0.045544 -0.127608 -0.092404 -0.074986 -0.032644 -0.090996 0.007633 -0.093631 -0.096744 -0.069816 -0.003804 -0.070458 -0.078934 -0.005403 -0.043377 -0.028039 -0.122282 -0.064022 -0.050504 -0.043214 -0.010978 -0.067756 -0.108623 -0.018676 0.005651 -0.101515 -0.018374 -0.060604 -0.025301 -0.110836 -0.059280 -0.121854 0.006789 -0.004495 -0.053892
0.019521 -0.114926 -0.000053 0.022923 -0.022169 0.020386 -0.031097 0.060881 -0.039869 -0.060542 -0.000000 0.068964 -0.023937 -0.072903 0.034939 0.010442 0.042764 -0.081144 0.041195 -0.019013 0.034900 0.004416 0.006289 0.016848 -0.028352 0.032156 0.004910 0.022644 -0.026074 -0.030472 0.040579 0.098816 -0.002553 -0.015846 -0.016545 -0.132459 -0.012279 -0.004428 0.045070 -0.032545 -0.027766 0.053554 -0.021892 0.013612 -0.091093 -0.017700 0.049902 0.005060 0.077027 -0.053143 0.044057 -0.032866 0.055746 0.063547 -0.010710 -0.036734 0.080432 -0.065597 0.021392 0.053855 0.001638 0.091317 -0.059598 -0.019676 0.035157 0.052391 -0.049885 -0.040245 0.016025 0.089287 0.041613 -0.025081 -0.018571 0.036850 -0.008391 0.030042 -0.045159 -0.002416 -0.031676 -0.076270 0.023364 -0.034232 0.093898 0.001959 0.015527 -0.039117 0.017409 -0.003131 0.020365 -0.009919 -0.033660 -0.021120 0.092984 0.018670 -0.063742 0.067566 0.053747 0.046676 -0.034236 0.013211 -0.015499 0.035922 -0.043693 0.066157 0.060865 -0.020828 0.008605 0.053917 -0.048935 0.069078 -0.000058 -0.003196 0.018412 0.070017 -0.013074 0.030758 -0.050452 -0.011482 0.020408 -0.058294 0.005042 0.011631 -0.008329 0.030445 -0.036285 -0.053934 -0.106042 0.025226 0.031633 0.018215 0.072163 0.103995 -0.010709 0.057091 -0.010688 0.107728 0.020425 0.006561 -0.007444 0.046215 0.060904 0.028270 0.031389 0.108543 -0.027359 0.026411 0.020289 -0.028625 -0.061035 0.016580 -0.024486 -0.050036 0.048069 -0.052847 0.008368 0.015464 0.022599 0.034132 -0.052213 0.042975 -0.009311 -0.022328 -0.009680 0.044928 -0.037193 0.056764 0.070728 -0.041189 -0.012356 0.070920 0.088456 0.049917 -0.059525 -0.048078 0.039430 -0.073019 0.025632 0.004618 0.038313 0.076772 0.052249 -0.046554 -0.018664 0.044399 0.031700 -0.002432 -0.038759 0.037730 0.000796 0.002513 -0.070657 -0.020401 0.058652 -0.017554 -0.000779 0.087106 -0.047440 0.025065 0.033270 0.011032
0.007835 0.046442 0.055423 0.012936 0.002383 -0.010831 -0.000733 0.008585 -0.064179 -0.098870 0.068964 -0.000000 -0.089693 0.029587 0.030895 0.043742 -0.004705 -0.022025 0.070144 -0.071154 -0.018955 0.028956 -0.103415 -0.012280 -0.064702 0.000104 -0.047822 -0.009799 0.016391 -0.077589 -0.011411 0.037132 0.013884 -0.001093 0.001325 -0.084507 0.011814 0.030839 0.058610 -0.050142 -0.010911 -0.026302 -0.005348 -0.017278 -0.025543 0.058531 -0.043470 0.034510 0.077678 -0.061141 0.065992 -0.040686 0.052931 0.002208 -0.071080 -0.011692 0.044035 0.052947 -0.063655 -0.002266 0.017562 0.026043 0.027102 -0.105381 -0.026457 -0.004932 -0.035323 -0.003157 -0.026251 0.015920 -0.010188 0.052720 -0.029429 0.037386 -0.039094 -0.000270 -0.043738 0.004495 -0.063054 -0.092122 0.041879 0.098580 0.016974 0.014305 -0.005381 0.012421 0.005544 -0.012713 -0.006549 -0.035558 0.027764 -0.034540 0.047642 0.027051 -0.014203 -0.002797 0.027064 0.023476 0.067152 -0.024719 0.012546 -0.026331 -0.016981 -0.002565 0.024212 0.013177 0.007649 0.004231 0.064378 0.003450 -0.034369 0.010787 -0.053332 0.067352 -0.048211 0.028183 0.012401 -0.011892 -0.005392 -0.012418 -0.003003 0.025597 0.026838 -0.046483 -0.088533 -0.075001 0.031922 0.045437 0.029498 0.012318 -0.015565 0.063192 -0.003847 0.006913 0.005032 0.001731 0.016785 -0.054589 -0.015392 0.054856 0.004589 -0.029210 -0.002039 0.001384 -0.004089 -0.015955 0.026979 0.014361 0.011924 0.029317 -0.065128 -0.044075 0.014464 -0.068575 0.034879 -0.044354 -0.015510 -0.001729 -0.004134 0.058877 -0.089756 0.011848 -0.018191 0.031050 0.003148 0.129117 -0.120744 -0.098902 -0.044160 0.030595 0.024733 0.004318 0.012048 0.040134 -0.020080 -0.047704 -0.032988 -0.030418 0.024139 0.053547 0.055901 -0.072507 -0.070445 -0.015493 0.006163 0.112589 -0.007241 -0.021290 0.001982 0.023343 -0.017082 -0.067640 0.044821 0.013739 -0.063626 0.002090 -0.061334 -0.063577 0.021432 0.017046
-0.008481 0.059724 0.010792 0.072486 -0.050393 -0.049643 0.081856 0.013501 -0.051589 -0.068437 -0.023937 -0.089693 -0.000000 0.057597 0.023864 0.031155 0.029823 -0.094890 0.007926 0.043896 -0.037360 -0.027896 0.032200 0.072109 0.048968 -0.024720 -0.024516 -0.043612 -0.085044 -0.079645 0.017455 -0.055435 0.075683 0.057389 0.086742 -0.077416 -0.005150 -0.067043 -0.051564 -0.075100 -0.028866 -0.070042 -0.031594 -0.034711 -0.046720 -0.077603 -0.014814 0.050242 -0.048705 -0.001699 0.008119 -0.023573 0.027446 0.032771 0.051642 0.062108 0.068004 -0.053287 0.002891 -0.033432 0.025286 0.002001 0.030311 0.025939 -0.045452 0.009262 0.073080 -0.030680 0.005730 0.063340 0.044502 -0.046202 -0.029218 -0.011642 -0.079637 0.010317 -0.034303 -0.042023 0.006548 -0.112160 -0.011200 -0.004620 0.016232 0.047092 0.066960 -0.019941 -0.006433 -0.001049 0.010642 -0.047405 -0.026926 -0.005175 0.027088 0.015731 0.003034 -0.031129 0.068227 0.012820 -0.011895 0.025034 -0.047286 -0.026024 -0.024466 -0.094636 0.059209 -0.064323 -0.016570 -0.004849 -0.023525 -0.001819 -0.075146 -0.027306 -0.044362 0.038599 0.031564 0.022395 0.025198 -0.037094 0.062218 -0.070767 0.100651 0.015873 -0.017488 -0.020577 0.029021 -0.125097 0.009390 0.083163 0.044982 -0.004737 0.003596 0.038021 0.031714 -0.061992 0.011718 0.012133 0.042175 -0.023475 -0.081007 -0.053299 0.018920 0.024203 0.032019 0.031889 -0.007362 0.034517 0.000649 -0.029309 0.018887 0.095756 0.063950 -0.145274 -0.040812 0.009124 -0.018932 0.045092 -0.031691 -0.072856 0.006663 0.061772 -0.081694 -0.021875 0.054261 0.079679 0.061214 -0.017472 -0.043008 0.011743 0.007808 0.059626 0.025988 0.032632 -0.065675 -0.037465 -0.053325 -0.105852 -0.006563 0.014536 0.076966 0.010170 -0.017044 -0.072369 0.007023 0.109238 0.039112 0.014604 -0.053004 0.012186 0.047660 0.041884 -0.035703 -0.071717 -0.008417 -0.012171 -0.043779 0.049100 0.028468 0.005639 0.006517 0.047624
0.008260 -0.043018 -0.073372 0.074058 -0.066252 0.108164 -0.082156 0.064164 -0.003861 -0.048017 -0.072903 0.029587 0.057597 -0.000000 0.000007 0.013428 0.034946 -0.058030 0.016036 0.079636 0.020219 -0.055536 0.039227 0.098497 0.061845 0.004406 -0.091495 0.017332 -0.038461 -0.056732 0.075162 -0.060635 0.086926 0.029539 0.075458 -0.006123 -0.047840 0.079111 -0.031783 -0.050766 0.010899 -0.021474 -0.106741 0.017188 -0.066892 -0.002377 0.042293 -0.052667 -0.128108 -0.013041 -0.058679 0.008122 -0.038922 0.060615 0.049846 -0.024957 0.027529 -0.096454 0.109840 0.051958 -0.046583 -0.016413 0.019013 -0.013327 0.065253 0.082688 0.060466 -0.014711 -0.015912 0.046805 0.004998 -0.029523 -0.051818 -0.080999 0.058772 0.076382 -0.075680 -0.099540 0.060858 -0.098586 0.015792 -0.101574 0.086345 0.017400 0.041632 0.031615 -0.059818 0.060862 -0.020211 0.049362 -0.162442 -0.061690 0.062307 0.005698 -0.137987 0.044181 0.045509 0.061259 -0.073825 0.006586 -0.083089 -0.003198 0.033717 -0.085622 0.040225 0.052735 -0.023943 0.022337 -0.077924 -0.016927 -0.005569 -0.033488 -0.036675 0.034290 -0.024443 0.087812 -0.003092 -0.001286 0.127057 -0.112508 0.093601 0.017779 0.047356 -0.032260 0.100117 -0.076717 -0.147937 0.121791 0.033760 0.004971 0.030676 0.076689 -0.104073 0.138117 0.032468 0.090775 0.033409 0.062186 -0.101844 -0.074025 -0.047015 0.054442 -0.035621 0.091664 -0.013573 0.115401 -0.009381 -0.028209 -0.098536 0.066231 0.018374 -0.047085 -0.039058 -0.009035 -0.047209 -0.006695 0.006723 -0.062655 -0.036965 0.024811 0.021962 -0.029431 0.082461 0.043918 0.043063 -0.035855 0.074705 0.105857 -0.102565 0.075697 0.097060 0.047141 -0.136063 -0.163186 -0.018422 -0.068773 0.059117 -0.004522 0.070213 0.101197 -0.042955 0.024675 -0.042104 0.104219 0.034980 -0.119038 -0.140924 0.063893 0.069136 0.006884 -0.070866 -0.002896 -0.143301 -0.061387 -0.002460 0.004755 0.057161 -0.058058 0.016485 0.098979
-0.037418 -0.011969 0.058639 0.061683 -0.050377 -0.002332 0.007754 -0.015690 -0.022732 -0.046098 0.034939 0.030895 0.023864 0.000007 -0.000000 -0.011937 0.051734 0.006582 0.051740 0.043991 -0.074449 0.026629 0.021711 0.041771 0.041041 -0.056094 0.044267 -0.022380 0.013382 0.018045 -0.008594 0.066662 0.021847 -0.014591 0.104976 -0.062506 0.038688 0.025597 0.040053 0.063934 -0.073482 -0.022907 0.009542 0.014983 0.007589 0.036936 0.020627 0.018508 0.076170 -0.040672 0.005232 0.013629 0.046369 -0.017840 0.027081 0.046442 0.073845 0.022051 0.076138 0.003118 0.023519 0.045510 -0.007136 -0.049532 -0.101827 0.040016 0.043949 0.147538 0.038820 0.030416 0.053887 -0.016032 0.010451 0.027340 0.043464 0.016463 -0.050096 0.040893 0.000100 -0.071848 0.044290 0.014167 0.081449 0.051925 -0.052559 0.035258 0.044617 0.017606 -0.002044 -0.026609 0.020829 0.012973 0.023837 0.025348 0.011694 -0.052449 -0.034239 0.045432 0.047161 -0.023579 -0.038427 -0.027204 -0.004677 -0.014526 0.028937 0.034666 0.043621 0.001672 -0.000235 0.085011 -0.066116 0.096080 0.032068 0.008918 0.001877 -0.005170 -0.008951 -0.019407 0.064346 -0.063069 0.064772 0.069785 -0.015268 0.036161 -0.008368 -0.102332 0.001146 0.034770 0.044679 0.112731 -0.008288 0.022274 0.014510 0.021875 -0.008668 0.005775 0.061161 -0.063901 0.058352 0.037823 0.056684 -0.038324 -0.009351 0.056592 0.024580 0.043081 0.038711 0.035951 0.055217 -0.055000 0.032890 0.011153 -0.024351 0.003502 0.079098 0.011569 0.031790 -0.048546 -0.084521 -0.020088 -0.000839 -0.051302 -0.031097 0.051203 -0.003467 0.048993 -0.025159 0.036887 0.017776 -0.025581 0.007881 -0.041729 0.003828 -0.001235 -0.025181 -0.038720 -0.010208 0.068657 0.010764 0.029834 0.017582 -0.049129 -0.028005 0.020641 0.072244 0.043057 0.055201 -0.060907 -0.035410 -0.000057 -0.010389 0.001141 0.042542 0.080381 -0.058984 0.036139 -0.087356 0.021643 0.000566 0.026981
-0.043721 -0.017994 -0.029573 -0.009462 -0.053926 -0.021144 0.101746 -0.071592 -0.052972 0.001975 0.010442 0.043742 0.031155 0.013428 -0.011937 -0.000000 -0.003001 -0.107737 0.011008 0.043299 0.022799 -0.061427 0.055611 -0.035366 0.030323 0.000595 -0.095410 -0.042136 -0.112820 -0.105586 0.032046 -0.019136 0.014912 -0.044852 0.006709 -0.070932 -0.078502 -0.033627 -0.003357 -0.044544 -0.011022 0.043350 -0.038320 -0.021112 -0.066118 -0.113278 0.004870 -0.047948 -0.018937 -0.018479 -0.057045 -0.045157 -0.010383 0.097670 0.009269 0.074076 0.008935 -0.086262 0.042398 -0.056811 0.017720 -0.036338 -0.069076 -0.027321 -0.021187 -0.056023 -0.007151 -0.031524 0.063511 0.050890 0.027616 -0.029892 0.005455 0.001389 -0.012079 0.012577 -0.039814 -0.035298 -0.014521 -0.048191 0.010183 0.005123 0.047466 0.062565 0.047346 -0.031968 -0.017236 -0.073674 0.044477 -0.005530 -0.068917 -0.082419 -0.015001 0.036379 0.016781 -0.016823 0.005032 -0.007306 -0.006486 0.006114 -0.106324 0.053355 -0.019272 -0.069451 0.037581 -0.036221 0.025391 -0.008666 -0.060823 -0.069653 -0.006551 -0.043454 -0.010468 -0.046278 -0.000855 -0.018481 0.005918 -0.038973 0.041229 -0.068689 -0.006890 -0.047945 -0.017370 -0.012170 0.053089 -0.035149 -0.027711 0.010536 -0.051757 -0.005306 -0.000715 -0.049380 -0.018145 -0.003606 0.017786 -0.037997 -0.030335 0.065259 -0.031751 -0.030881 -0.018474 0.079814 -0.032685 0.040923 -0.037454 -0.002253 0.040917 -0.032562 0.000440 -0.089036 0.032493 -0.082974 -0.022383 -0.069593 -0.055325 0.040844 -0.074044 -0.102864 -0.042218 0.014047 0.041544 -0.101198 -0.012373 -0.002132 -0.001675 -0.037364 0.016892 0.039585 0.036469 -0.009521 0.006275 0.046343 -0.023162 -0.078320 -0.030370 -0.097640 0.047679 0.016911 0.031390 -0.003577 -0.006475 0.016688 0.136901 0.057096 -0.008285 -0.043845 -0.004567 0.004716 0.063443 -0.009529 -0.009259 -0.064328 -0.010195 -0.023326 -0.077898 0.050950 0.049989 -0.010911 -0.023627 -0.018288
0.003061 0.050985 0.030198 0.067092 0.028616 0.070671 0.028055 0.012020 -0.008303 -0.027349 0.042764 -0.004705 0.029823 0.034946 0.051734 -0.003001 -0.000000 -0.041556 0.097459 0.074458 0.000727 0.025702 -0.071966 0.060879 -0.018664 0.030036 -0.043597 -0.001013 0.015943 -0.079752 0.069641 -0.013461 0.028160 -0.070072 0.046664 -0.069298 0.005155 -0.089504 -0.113432 0.022805 -0.034845 -0.037659 -0.028525 0.145209 -0.000944 -0.031227 0.052285 0.031264 -0.063815 -0.025414 -0.011661 -0.013706 0.021979 0.180638 0.067570 0.019495 0.019379 0.021047 0.054532 -0.010732 0.047639 -0.009272 -0.039729 -0.050233 0.046113 0.026828 0.095429 0.001480 0.008516 0.145337 0.016373 0.023330 -0.012645 -0.036173 0.012802 0.076854 -0.062490 -0.030176 0.032919 -0.088781 0.070702 0.003365 0.070593 0.063270 0.069151 0.002704 -0.058557 -0.017731 0.143169 0.034149 0.019182 -0.024562 -0.026111 0.024339 -0.049543 -0.017122 0.105851 0.027115 -0.052931 -0.027945 -0.072452 0.060179 -0.026727 0.025004 0.122580 0.034809 0.016627 0.131752 0.031727 -0.002018 -0.000688 0.020221 -0.104863 -0.015132 0.000681 0.040575 0.049717 -0.026911 0.106195 -0.050601 0.042934 -0.019086 0.058352 -0.073841 0.060461 -0.067801 -0.086271 0.066883 0.001199 0.014032 0.086796 -0.000930 0.008251 0.047463 0.009061 0.014601 0.042188 0.069884 0.027322 -0.028766 0.024479 0.159602 -0.007663 0.095441 -0.044653 0.068358 0.070520 0.000741 -0.052123 0.038795 0.050426 -0.086137 -0.015435 -0.042441 -0.039419 -0.039423 -0.007414 -0.020434 0.024916 0.040671 0.059231 -0.045154 0.067988 -0.046688 0.060061 -0.139140 0.050272 0.050001 -0.059144 0.039901 -0.012848 0.087789 -0.032633 -0.021130 0.010281 -0.060087 0.077017 0.033374 0.106263 0.037757 -0.028590 0.019444 0.038279 0.132534 0.039249 -0.053149 -0.050224 0.024021 0.112468 -0.007151 0.037856 -0.052510 -0.016792 -0.031738 0.045757 0.090170 0.095463 -0.029633 0.002502 0.057380
-0.085279 -0.043842 -0.001585 -0.011106 0.006931 -0.098951 -0.063266 -0.132277 -0.078445 -0.129254 -0.081144 -0.022025 -0.094890 -0.058030 0.006582 -0.107737 -0.041556 -0.000000 0.002374 -0.028073 -0.131340 0.077846 -0.047782 -0.110436 -0.050209 -0.090077 -0.092042 -0.096505 -0.051742 -0.073389 -0.067757 -0.049576 -0.070791 -0.077544 -0.011188 -0.098908 0.006732 -0.051928 -0.125295 0.023495 -0.072217 -0.090510 -0.075257 -0.065091 0.040069 -0.012201 0.013914 0.018263 -0.092624 -0.143023 0.006459 0.000495 -0.050908 -0.086729 -0.010056 -0.035682 -0.017163 0.001683 -0.004413 -0.089407 -0.020111 -0.018734 -0.117968 -0.140575 -0.194118 -0.116885 0.004068 0.096521 -0.125117 -0.045872 -0.056100 -0.036859 -0.057625 -0.053815 0.020011 -0.062111 -0.154121 -0.049847 -0.057641 -0.130461 -0.041692 0.018046 -0.015346 0.018994 -0.069534 0.024011 -0.052238 -0.092881 -0.020601 -0.144099 0.038242 -0.102865 -0.061967 0.039484 -0.056965 -0.141213 -0.055664 -0.100553 -0.078207 -0.102144 -0.067368 -0.070985 -0.061826 -0.007310 -0.029608 -0.010830 -0.121598 -0.082832 0.008307 -0.051348 -0.134823 -0.070706 -0.087589 -0.045890 -0.101944 -0.059407 -0.099626 -0.139393 -0.065113 -0.124845 -0.008778 -0.010954 -0.114639 -0.064704 -0.060935 -0.151099 -0.068949 -0.043569 -0.045315 0.047824 -0.076285 -0.035764 -0.002002 -0.084994 0.021758 -0.067775 -0.048014 -0.155460 0.005174 -0.061060 -0.012756 -0.074350 -0.155541 -0.009414 -0.037744 -0.072350 -0.020603 0.145250 0.025036 -0.099059 -0.070956 -0.096126 -0.107384 -0.097468 -0.063775 -0.077877 -0.100878 -0.117005 -0.114450 0.072261 -0.103263 -0.081552 -0.085587 -0.063397 -0.052238 -0.033414 -0.041212 -0.045902 -0.072953 -0.040452 -0.071634 -0.049555 -0.056134 -0.019304 -0.105792 -0.080245 -0.124211 -0.001255 -0.037356 -0.054142 -0.051250 -0.136349 -0.026614 -0.039304 -0.044753 0.015288 -0.017353 -0.127268 -0.044890 0.018991 -0.026827 -0.114814 -0.014859 0.014958 -0.113165 -0.042922 -0.095726 -0.080632 -0.036373 -0.046586
-0.000267 0.048377 0.051022 0.044729 0.034639 0.013905 -0.017263 0.026821 -0.009402 -0.032905 0.041195 0.070144 0.007926 0.016036 0.051740 0.011008 0.097459 0.002374 -0.000000 0.036560 0.031425 0.085382 0.000366 0.042842 -0.033176 0.014578 -0.007137 0.034848 -0.002047 -0.037297 -0.028883 0.097681 0.016466 0.042161 0.040142 -0.031483 -0.024542 0.061999 0.063626 0.048864 0.010497 0.008234 0.049728 -0.096307 -0.008159 0.006654 0.066491 -0.002240 0.046860 0.017825 0.073686 0.000329 0.075860 -0.108389 0.010114 0.011449 0.002829 0.051849 0.038277 0.029369 0.037668 0.059757 0.033159 0.001238 -0.025776 0.019645 0.008859 -0.020516 0.072436 -0.073351 0.039421 0.042642 0.076880 0.017675 0.065725 0.024324 -0.061016 0.027800 0.000461 -0.036097 -0.083165 0.011909 0.061967 0.078949 -0.055692 0.021091 0.045405 0.029140 -0.082234 0.022227 0.099589 0.062453 0.055305 0.077514 0.013948 0.022211 -0.036481 0.023268 0.005438 0.047614 0.003699 -0.071715 -0.051283 0.036179 -0.070186 0.090707 0.062416 -0.068345 0.040668 0.012366 -0.012102 0.023492 0.036207 0.069594 0.040340 0.007302 0.042853 -0.021762 0.004848 -0.016981 0.063435 0.052501 0.031556 -0.004428 0.046068 -0.060403 0.028335 0.015387 0.045151 0.072256 -0.061350 0.055971 0.001243 0.055533 0.077683 0.058583 0.034013 -0.029645 0.101755 0.101356 0.051265 -0.109156 -0.048408 0.110993 0.050266 0.031844 -0.123397 0.019659 0.051521 -0.001555 0.011516 -0.012464 0.055506 0.002293 0.041526 0.007958 -0.005657 -0.048460 0.007914 0.129084 -0.009090 0.008551 -0.005262 0.110983 0.021617 0.096870 0.043970 0.024059 -0.010501 -0.028982 0.043811 -0.035976 0.046106 0.042983 -0.023221 -0.077132 -0.035592 0.044844 -0.020737 0.043496 0.072408 -0.001369 0.031102 0.018277 0.069162 0.060060 0.046713 -0.021204 -0.026716 0.041844 0.039325 -0.030733 0.093164 0.001233 -0.006027 0.047054 -0.032952 0.031783 0.070784 0.092272
0.046444 0.109938 0.055496 0.043303 -0.026078 0.002616 0.071178 0.025675 -0.048891 -0.065012 -0.019013 -0.071154 0.043896 0.079636 0.043991 0.043299 0.074458 -0.028073 0.036560 -0.000000 -0.012378 0.021996 0.045849 0.006385 0.060981 0.007883 -0.013937 -0.002367 0.031565 -0.030349 0.031659 -0.004626 0.055163 0.049997 0.087186 -0.037224 0.027252 -0.013589 0.022520 0.006271 -0.025453 0.035097 -0.002093 0.004043 0.010607 -0.012821 0.024697 0.029854 0.040203 0.009411 0.065757 0.002372 0.070272 0.057899 0.086164 0.026933 0.100885 0.004661 0.056552 0.012639 0.080374 0.025670 0.024032 0.028847 -0.044835 0.040664 0.041089 0.042875 0.052424 0.082191 0.087614 -0.002136 -0.003049 0.028753 -0.072637 0.035963 -0.032604 -0.006300 0.062696 -0.058793 0.024000 0.017772 0.064507 0.078336 0.080591 0.001488 0.007459 0.000163 0.061516 -0.045374 0.005141 -0.002940 0.060032 0.073615 -0.015100 -0.015358 0.057603 0.060578 0.006744 0.040738 -0.010133 0.005494 -0.021082 -0.087617 0.136261 -0.001536 0.058539 0.036886 0.020760 0.027778 -0.027512 -0.040997 0.008665 0.069376 0.096713 0.042447 -0.018375 -0.022121 0.092753 -0.069147 0.054128 0.013117 -0.010656 0.022499 0.034531 -0.082067 0.034755 0.085451 0.039699 -0.055178 0.046462 0.053264 0.035753 -0.051369 0.019800 0.010203 0.079607 0.025576 -0.075671 0.004352 0.006062 0.040500 0.036079 0.103630 0.002729 0.029235 0.035323 -0.006290 0.035264 0.055214 0.079480 -0.069506 0.057496 0.024883 0.035265 0.060956 0.053595 -0.006933 0.016626 0.092003 0.046464 -0.046937 0.012941 0.108505 0.008902 0.041614 -0.046387 0.007695 0.051543 0.088894 0.006830 0.101909 -0.022195 0.002333 0.007184 -0.055107 0.024962 0.053722 0.103292 0.037247 0.037960 -0.008364 -0.049639 0.050602 0.048408 0.017229 0.022108 -0.007043 0.042855 0.038839 0.001043 -0.047581 0.032836 -0.004361 -0.044491 0.023213 -0.013122 -0.003732 0.027345 0.000494
