0.000000 0.071142 -0.024634 -0.171232 0.010118 -0.140172 -0.045123 0.028377 -0.122225 -0.142617 0.093596 -0.034495 -0.093070 -0.044489 -0.030522 -0.063106 -0.011855 -0.220205 -0.010699 -0.050322 0.010768 -0.042124 -0.114117 -0.080197 -0.094108 0.122612 -0.066556 0.008080 -0.077537 -0.127387 -0.015518 0.064288 -0.085748 -0.140987 -0.065974 -0.115899 -0.120706 -0.084572 -0.006130 -0.031595 -0.134159 0.078017 0.064002 -0.055015 -0.175437 -0.043502 -0.053398 -0.061639 0.017590 -0.099206 0.004819 -0.098777 0.028570 0.044133 -0.127817 -0.044137 -0.066392 -0.111767 -0.099454 -0.068223 -0.053624 -0.091259 -0.084109 -0.147509 -0.069131 -0.021107 -0.146765 -0.115998 0.061121 -0.012845 -0.010979 -0.013357 -0.017869 0.077260 -0.029369 -0.125155 -0.124043 0.023773 -0.140775 -0.053548 -0.091899 0.031214 -0.086593 -0.070701 0.009226 -0.094775 -0.043389 0.071967 -0.031515 -0.077060 -0.012271 -0.109752 -0.025430 -0.183433 -0.061054 0.029931 -0.146617 -0.037721 -0.044499 0.010229 0.056539 0.059986 -0.142183 -0.025257 -0.041026 -0.066587 0.012075 0.028272 -0.008064 -0.117637 -0.031291 -0.060209 0.004372 -0.168053 0.023359 -0.091607 0.041037 -0.115603 -0.062723 -0.036642 -0.057325 -0.075572 -0.070767 -0.004994 -0.129856 -0.097875 -0.071948 -0.032608 -0.031897 -0.081641 0.117387 -0.000849 0.024145 -0.147415 -0.097309 -0.140659 -0.152397 0.001436 0.003496 0.002771 -0.000370 0.129739 0.106768 -0.094669 -0.044013 -0.022704 -0.080671 -0.139381 -0.045613 -0.010641 -0.157726 -0.110419 -0.002455 0.003975 -0.127494 -0.118333 -0.012819 0.104957 0.036847 0.004458 -0.033411 -0.094044 -0.132980 -0.065873 -0.053458 -0.122220 0.009895 -0.088764 -0.073062 0.060336 0.019141 -0.038231 0.046870 -0.012567 0.066997 -0.061233 0.007346 -0.137845 0.041198 -0.009343 0.005002 -0.048408 -0.035633 -0.071461 -0.067867 0.029515 0.005882 -0.059879 -0.078186 -0.086406 -0.100174 -0.093296 0.039232 -0.109584 -0.001387 -0.028387 -0.129394 -0.148514 -0.060641 -0.071898
0.071142 0.000000 -0.023633 -0.043990 0.024696 -0.009134 -0.087442 0.066657 -0.021828 0.052646 0.069492 -0.132459 -0.084336 0.006178 -0.009734 0.030444 0.059423 -0.137292 -0.014469 0.014702 0.027611 -0.036542 -0.011699 0.161645 -0.061876 0.159540 0.002048 0.100741 0.070114 -0.014631 0.099221 0.103959 0.016732 -0.085749 0.095677 -0.007553 -0.083189 -0.087954 -0.061817 -0.013723 -0.036665 0.052624 0.009394 -0.011679 -0.084674 -0.148420 0.017726 -0.052875 -0.065875 -0.099622 0.012039 -0.081383 0.062686 0.125405 0.091894 -0.092604 -0.007423 -0.126796 0.046993 0.045370 -0.001660 -0.026511 0.070902 -0.055983 -0.000560 0.102253 0.054417 -0.098117 0.099994 0.084668 0.075688 0.113155 0.108536 0.087421 0.022203 0.063232 0.025972 0.129613 0.023221 -0.030277 0.056560 -0.097877 0.078857 0.064511 0.108912 -0.137157 -0.020478 -0.021474 0.084096 0.009399 0.060881 -0.017238 0.016220 -0.091167 -0.139895 0.111707 0.130857 0.064138 -0.097205 0.092814 0.086190 0.090530 -0.022465 -0.007080 0.004613 -0.065861 0.081370 0.021527 0.029442 0.000100 0.046530 0.115125 -0.129947 -0.024362 0.011690 0.025472 -0.031613 -0.038860 0.065311 -0.034109 0.026399 -0.090090 0.045697 0.015918 0.168523 0.002132 -0.108176 0.086324 0.154160 -0.055551 0.131849 -0.031801 0.102484 0.096859 -0.036288 -0.009195 0.064294 0.101985 0.027970 0.125381 0.140483 0.105541 0.160119 0.026546 0.050048 0.068003 -0.031554 -0.062328 -0.014880 0.119675 -0.071237 -0.065508 0.083026 -0.001739 -0.027476 -0.108964 0.050536 0.042544 0.119925 -0.014524 0.116906 -0.101215 -0.061990 -0.034068 0.072434 -0.215645 0.078754 0.043732 -0.044153 0.098061 0.029899 0.026499 0.087185 -0.099282 0.105498 -0.001478 0.070298 0.021979 0.009023 0.032666 0.035124 0.043950 -0.063722 0.108183 -0.008565 0.142325 0.155052 0.041286 0.122355 -0.067952 -0.072979 -0.002307 0.128957 0.003703 0.020377 0.074703 -0.064562 -0.009681 -0.029923 0.069775
-0.024634 -0.023633 0.000000 -0.082467 0.096486 0.034404 -0.129189 0.022849 -0.059836 0.015990 0.047659 -0.052205 -0.140611 -0.179300 0.004909 -0.072965 -0.130624 -0.098425 0.062378 -0.082236 0.030917 -0.014877 -0.018008 0.039294 -0.093178 -0.004167 0.015666 0.081802 0.014809 -0.045679 0.012003 0.112948 -0.082939 -0.160771 0.007182 -0.123731 -0.033765 -0.123018 -0.102661 -0.083461 -0.060857 0.026250 0.045818 0.033948 -0.038626 0.062362 -0.031074 0.008336 -0.110964 -0.071403 0.155398 -0.036983 0.002830 -0.020212 -0.081600 -0.142553 -0.016010 0.034317 -0.091331 0.040066 -0.006619 0.082191 -0.060271 -0.058550 0.008867 0.094701 -0.122641 -0.085995 -0.089413 0.112504 -0.047388 0.109692 0.004160 0.053790 -0.044392 0.021431 -0.006659 0.050451 -0.096387 -0.118168 0.005926 -0.022459 0.007502 -0.040439 -0.012721 -0.025010 0.016746 -0.039303 0.018850 0.008983 -0.034226 -0.033706 -0.101227 -0.081571 0.104236 0.129243 0.018071 0.002267 -0.002888 -0.011900 0.081378 -0.049865 -0.021091 0.088085 0.126777 0.038743 -0.074649 0.005566 0.252188 -0.112237 0.037796 -0.023917 -0.080626 0.012034 -0.093629 -0.121689 -0.056766 -0.012052 -0.040582 -0.129544 -0.037559 0.025800 0.039989 0.000817 -0.067641 -0.022289 -0.014293 -0.062057 0.046590 -0.036015 -0.083759 -0.040799 -0.016880 0.064912 -0.057030 -0.075900 -0.079391 0.024674 0.076070 0.155546 0.048744 -0.050632 -0.001912 -0.107218 0.092495 -0.017715 -0.109918 0.002786 -0.031780 0.018990 -0.075220 -0.066207 0.049077 -0.011449 0.001434 -0.159863 0.054404 -0.009765 -0.019795 0.054721 -0.007975 -0.051765 -0.112573 -0.110395 -0.021731 -0.153293 -0.096290 -0.144851 0.059931 -0.060974 -0.051508 -0.015878 0.053931 0.043511 -0.007160 -0.040915 0.023431 -0.071198 0.138320 -0.083083 -0.016199 -0.063186 0.069656 -0.114961 0.011337 0.043822 -0.001784 -0.026131 -0.023131 -0.028925 0.011047 -0.055892 -0.074791 -0.025326 -0.017512 -0.080759 -0.061447 -0.024913 0.049036 0.023618
-0.171232 -0.043990 -0.082467 0.000000 -0.031775 -0.012325 -0.035451 -0.022137 -0.152819 -0.163145 0.010308 -0.052804 0.030616 -0.117502 -0.085353 0.044382 0.030450 -0.158440 -0.053465 0.043846 -0.030479 -0.034447 0.062626 0.059529 0.021024 -0.153008 -0.070377 -0.016015 0.112119 -0.072086 -0.058345 0.018858 -0.032320 -0.010104 0.009866 -0.147296 -0.086208 -0.112845 0.029333 -0.035756 -0.199505 -0.025881 -0.026757 -0.008058 -0.096705 0.033255 -0.065501 -0.018775 0.018485 0.036925 0.059530 -0.116223 0.048162 -0.092374 0.038769 0.087959 0.040936 -0.103932 0.123252 -0.107788 -0.050115 -0.112992 -0.007790 -0.051019 -0.014476 -0.043392 -0.000590 -0.196992 -0.009924 -0.066524 0.076660 -0.072381 0.006360 0.035817 -0.013405 0.012646 -0.102157 -0.053901 0.098378 -0.196264 -0.161919 -0.022804 0.149310 -0.052955 -0.116098 -0.116037 -0.062808 -0.020904 -0.092511 0.000502 -0.062693 0.018956 -0.115531 -0.048504 -0.025159 0.011785 -0.123925 -0.044387 -0.002402 -0.097303 -0.054153 -0.059677 -0.149515 -0.017945 -0.095153 -0.121025 -0.007799 -0.017020 -0.002424 0.016573 0.043103 0.050493 -0.048852 -0.069485 -0.005745 -0.069170 -0.009540 -0.159916 0.050941 -0.096941 -0.046525 -0.136173 0.072802 0.045835 0.050704 -0.181515 -0.068005 -0.043511 0.056561 -0.089758 -0.050457 -0.041755 -0.043393 -0.084145 -0.060143 -0.080150 0.018807 -0.149720 -0.055541 -0.004199 -0.001510 -0.062526 -0.155392 0.000401 -0.048078 -0.103579 -0.119158 -0.113603 0.026250 -0.112052 0.040509 -0.149812 0.105107 -0.064046 -0.010666 -0.020651 -0.045880 -0.024718 -0.121129 0.055320 0.053352 -0.116167 -0.031095 -0.001128 0.016976 -0.086291 0.017868 -0.017391 0.010413 -0.058229 0.011443 -0.127167 0.016129 -0.015669 -0.068074 -0.125497 -0.091128 -0.007395 -0.073176 -0.111693 0.030161 0.027929 -0.092522 0.035313 -0.070706 -0.039073 -0.007917 0.006474 -0.147280 -0.126282 -0.093871 -0.084654 -0.077871 -0.078442 -0.076723 0.056956 -0.057792 -0.154735 -0.023482 -0.033606
0.010118 0.024696 0.096486 -0.031775 0.000000 0.097790 -0.046193 -0.017433 -0.054119 -0.036541 -0.043610 -0.098754 -0.069244 0.061855 0.033154 -0.040863 -0.003966 -0.044136 0.089091 -0.122821 0.029903 0.079045 -0.114219 -0.004769 -0.101051 -0.000288 0.023781 0.041450 0.062727 -0.044367 0.041861 0.031838 -0.018498 -0.078103 -0.020245 -0.053175 0.051412 -0.033417 -0.148247 0.113185 -0.019527 -0.001055 -0.002438 -0.029703 -0.041208 0.048473 -0.075680 0.020218 -0.085744 -0.055959 0.189696 -0.029347 0.069450 0.064195 0.036377 -0.161416 -0.065044 0.058707 -0.092901 -0.004040 0.051074 -0.011107 -0.029294 -0.020519 0.029306 0.032754 -0.156446 -0.076574 -0.024049 0.065807 -0.039095 0.074853 -0.069386 0.056962 -0.028278 0.097000 -0.042744 -0.075949 -0.032737 -0.062370 0.057223 0.003663 -0.018349 -0.043454 -0.006122 -0.068687 -0.023511 -0.074817 0.006120 0.001115 0.101374 -0.021174 -0.052023 -0.007550 0.001104 0.077161 0.047765 -0.027872 -0.111934 -0.054006 0.035957 0.001130 0.008783 0.011432 0.065250 -0.023846 -0.009654 0.042963 0.066902 -0.001203 0.076046 -0.014393 -0.137816 0.048593 -0.022719 -0.072955 -0.054428 -0.022306 -0.069289 -0.052475 -0.021748 0.027767 0.012051 0.028969 -0.063903 -0.046598 -0.033786 -0.024138 0.061172 0.004758 -0.052247 -0.032235 -0.127046 0.046842 -0.036616 0.006215 -0.044430 0.014119 0.054451 0.093166 -0.082887 -0.013289 0.010824 -0.072089 0.021931 -0.005983 -0.014056 0.001050 -0.089315 0.018462 -0.082552 -0.029669 0.030676 -0.057047 -0.012290 -0.108025 -0.025238 -0.064605 -0.031251 0.098851 0.018406 -0.097751 0.017165 -0.056718 -0.035543 -0.037441 -0.120786 -0.100918 0.019343 0.028723 -0.062507 0.036594 -0.066167 0.068984 -0.081061 -0.075642 -0.011874 -0.056890 0.014197 -0.037270 0.020231 -0.058503 -0.053822 -0.121700 0.037445 0.087256 -0.018525 0.018200 0.041266 -0.081854 -0.041689 -0.025033 0.004865 -0.062673 -0.031954 -0.114328 0.031120 0.007358 0.006995 0.052204
-0.140172 -0.009134 0.034404 -0.012325 0.097790 0.000000 -0.074380 -0.017169 -0.060602 -0.062594 0.032169 0.008381 -0.038745 -0.123525 0.058908 0.132257 -0.022562 -0.125021 0.097373 0.032417 -0.027098 0.073561 0.096241 -0.018269 0.062906 -0.088319 -0.031418 0.036960 0.052276 -0.009058 -0.057436 0.007433 -0.092795 -0.029944 -0.082920 -0.112811 -0.013431 0.002200 -0.025162 -0.012934 -0.102515 0.138064 -0.030159 0.002569 -0.055408 0.121229 0.036767 -0.017491 0.070520 0.007297 0.113294 -0.093396 0.084869 -0.039523 0.037537 0.071864 0.091353 -0.015207 0.019184 -0.064891 0.037014 0.000100 0.015318 -0.040285 -0.014844 -0.048279 0.012568 -0.110561 -0.052138 0.015638 0.109355 0.008212 0.048657 0.041581 -0.015795 0.031802 -0.029932 0.040086 -0.061469 -0.053605 -0.035358 -0.009004 0.076976 -0.006733 -0.121032 -0.017207 -0.055857 -0.014853 -0.040457 -0.040601 -0.001165 -0.010514 -0.112472 -0.053679 0.032305 0.017923 -0.080772 -0.147902 0.014153 -0.049731 -0.034186 -0.145846 -0.114038 0.040914 0.049151 -0.023412 -0.041815 0.012549 0.122110 -0.001714 -0.066320 0.055362 -0.017653 0.050588 -0.033690 -0.072221 -0.039502 -0.009925 -0.059513 -0.043975 -0.022849 -0.023176 -0.054306 0.084525 0.105746 0.039653 -0.033461 -0.065592 0.033978 -0.043265 -0.055096 0.036892 -0.057056 -0.131516 -0.007002 0.042780 -0.027805 -0.059421 0.033528 0.046523 0.034148 -0.065590 -0.188462 -0.082929 0.042632 -0.045596 0.089001 -0.069892 0.004804 -0.069272 0.040878 -0.155328 0.066553 -0.063049 -0.014959 0.057503 -0.059477 0.011361 -0.029418 0.089399 -0.043481 -0.055803 -0.050503 0.013427 -0.012111 -0.024785 0.077283 0.002172 -0.007751 -0.036747 0.020357 -0.019864 0.053037 0.043321 -0.045448 -0.039074 -0.078045 -0.056834 0.005922 -0.178114 0.057286 0.005843 0.007646 -0.016324 -0.063620 -0.011681 -0.006417 -0.001220 -0.023106 -0.034795 -0.078170 -0.070811 -0.041751 -0.057308 -0.005806 0.052271 -0.008518 -0.070011 -0.058256 -0.014967
-0.045123 -0.087442 -0.129189 -0.035451 -0.046193 -0.074380 0.000000 -0.089172 -0.011155 -0.024893 -0.050716 0.030688 0.131767 -0.119521 0.021784 0.091004 -0.031472 -0.058422 -0.062679 0.067450 -0.091270 -0.027306 0.164374 -0.033061 0.175282 -0.116919 -0.070042 -0.051217 -0.053394 -0.080071 -0.005980 -0.024101 0.035661 0.044954 -0.117063 -0.000482 -0.085248 0.070807 -0.020067 -0.110711 -0.010948 0.058220 -0.118470 -0.047415 -0.068013 -0.101069 -0.017340 -0.076524 0.055189 0.017399 0.005576 -0.094848 0.034161 -0.023981 0.057627 0.043185 0.030392 -0.116178 0.032943 -0.130829 -0.100623 -0.126711 0.005701 -0.050513 -0.134326 -0.089651 0.020367 -0.092793 -0.122191 0.004407 0.049604 -0.118706 -0.048853 0.005631 0.016708 -0.067519 0.021458 -0.074854 -0.020083 -0.010227 -0.090569 -0.140019 0.030900 0.016102 -0.070213 -0.043716 -0.089339 -0.118130 -0.013700 -0.048554 -0.116613 -0.078827 -0.127857 -0.020201 -0.082747 -0.103376 -0.011822 -0.176242 -0.053934 -0.106514 -0.162238 -0.054038 -0.033924 -0.094044 -0.068609 -0.131536 -0.111902 -0.013555 -0.036563 -0.072458 -0.150116 0.037377 0.068424 -0.056691 -0.047800 -0.048102 -0.070178 -0.036589 0.033305 0.008482 -0.071480 -0.166069 -0.100652 0.047154 0.158137 0.009658 -0.039692 -0.052469 -0.064382 -0.054361 0.039579 -0.135174 -0.135668 -0.131944 0.067192 0.034462 -0.064941 -0.105314 -0.060930 -0.161072 0.068796 -0.032091 -0.134082 0.019631 -0.088019 -0.062037 -0.020479 -0.036585 0.002250 0.027381 0.068847 -0.100688 -0.047691 -0.198134 -0.099179 -0.018809 -0.062449 -0.023123 -0.070225 -0.055525 0.026686 -0.116543 -0.046756 0.104351 0.046206 -0.042634 -0.001199 0.118177 -0.066581 -0.040552 -0.037150 -0.087699 -0.073041 -0.117049 0.001398 0.038405 -0.085827 -0.055640 -0.107590 -0.121141 -0.074125 0.004467 0.041580 0.100335 -0.171478 -0.095746 -0.019503 0.068301 -0.033781 -0.047264 -0.126369 0.017941 -0.038483 -0.078475 -0.019345 0.062170 -0.007358 -0.042719 -0.165840 -0.077509
0.028377 0.066657 0.022849 -0.022137 -0.017433 -0.017169 -0.089172 0.000000 -0.147452 -0.234183 0.043521 -0.054557 -0.136953 -0.108386 -0.031388 -0.038806 -0.016369 -0.266690 0.075460 -0.019335 0.078760 -0.045169 -0.017808 0.014036 -0.017163 -0.034062 -0.038610 0.138581 -0.089708 -0.047555 0.005093 0.019375 -0.084886 -0.061650 -0.005744 -0.251534 -0.096610 -0.075785 -0.007835 -0.087567 -0.128670 -0.061625 0.010231 -0.026856 -0.262190 -0.010717 -0.081891 -0.013115 -0.078394 0.007253 0.060276 -0.141029 -0.045444 0.078431 -0.136322 -0.063030 0.003076 -0.031151 -0.099740 -0.011228 -0.008424 -0.009508 -0.076724 -0.025752 0.003686 0.024259 -0.095052 -0.128794 0.055549 0.088828 -0.033569 -0.029462 -0.026582 -0.045146 -0.034270 0.002492 -0.170350 0.019417 -0.108790 -0.109077 -0.049313 -0.026957 -0.045647 -0.172822 -0.058164 -0.081510 -0.046082 0.109300 0.055402 -0.040629 -0.045188 -0.008150 0.011378 -0.179294 -0.010270 0.093014 -0.101879 -0.028990 -0.000006 -0.040872 0.003737 0.029177 -0.156549 -0.001641 0.079040 -0.040325 -0.031682 0.053486 -0.040728 -0.111716 0.093414 -0.105905 -0.043627 -0.053932 -0.041277 -0.001587 0.038548 -0.196056 -0.081517 -0.114859 0.091643 -0.070457 0.016858 -0.018275 -0.131298 -0.170556 -0.054974 -0.013359 -0.013869 -0.098981 0.059576 -0.000924 -0.049571 -0.070092 -0.102528 -0.045077 -0.057768 -0.049613 -0.036017 0.004349 -0.024909 0.031514 -0.003838 -0.151234 -0.010876 0.001555 0.013536 -0.198627 -0.052474 -0.041152 0.000294 -0.164789 0.007863 0.059720 -0.014365 -0.033112 -0.037880 -0.026491 -0.056095 0.004640 -0.227300 -0.074542 -0.075270 -0.053970 0.016366 -0.060347 -0.019053 -0.126089 0.008482 0.016241 0.036908 -0.021107 -0.074991 0.017111 -0.020594 -0.164476 -0.017546 -0.117276 0.079937 0.012614 -0.032768 -0.126673 -0.034525 -0.043314 0.061870 -0.054088 -0.160165 -0.006999 -0.027562 -0.057387 -0.070635 -0.096707 -0.083412 -0.090767 -0.081315 -0.063337 -0.089727 -0.097601 -0.040335 0.047780
-0.122225 -0.021828 -0.059836 -0.152819 -0.054119 -0.060602 -0.011155 -0.147452 0.000000 -0.108352 -0.024114 0.066928 -0.073244 -0.108365 -0.062052 -0.099742 0.043484 -0.156793 -0.045421 -0.112688 -0.064432 -0.082688 0.016156 -0.135089 0.027284 -0.093790 -0.077289 -0.069188 -0.059756 -0.160603 -0.072454 -0.017106 -0.109205 -0.052173 -0.173719 -0.128117 -0.082029 -0.005849 0.016404 -0.036274 -0.029440 0.018470 -0.068146 -0.028566 -0.132838 0.041282 -0.137826 -0.134490 -0.077649 -0.016839 0.068278 -0.015238 0.006393 -0.086180 -0.095461 -0.031217 -0.001067 -0.027944 -0.133270 -0.134453 0.007211 -0.151534 -0.066306 -0.067269 -0.113654 -0.128532 -0.161035 -0.125522 -0.061349 -0.046849 -0.055164 -0.059072 -0.035053 -0.036038 0.034154 -0.076272 -0.001212 -0.075851 -0.151614 -0.103754 -0.125816 0.017304 -0.100225 -0.057729 -0.119337 -0.007965 -0.101320 -0.074837 -0.019040 -0.135202 -0.000781 -0.109748 -0.085569 0.015191 0.019333 -0.077254 -0.064281 -0.146142 0.040436 -0.084968 -0.035087 -0.096020 -0.029864 0.037393 -0.065492 -0.063785 -0.123405 -0.050190 0.079039 -0.091398 -0.128575 -0.088383 0.039181 -0.019045 0.029801 -0.097242 -0.075485 -0.019804 -0.172481 -0.001954 -0.139586 -0.096615 -0.149318 0.015931 -0.057803 0.032758 -0.004287 -0.171952 -0.116378 -0.093852 -0.038263 -0.033268 -0.046118 -0.147612 -0.081029 -0.037676 -0.160100 -0.123514 0.027591 -0.016576 -0.000701 -0.055144 -0.198426 -0.108967 -0.043630 -0.139120 -0.098138 -0.137057 0.022612 -0.160317 -0.000780 -0.095340 -0.101760 -0.127665 -0.079782 -0.013171 -0.151942 -0.078187 -0.121541 -0.036103 -0.083148 -0.068534 -0.039240 0.004909 -0.018920 0.020966 0.051645 -0.075748 -0.000034 -0.019528 -0.042506 -0.050606 0.029899 0.035036 -0.076305 -0.084454 -0.111238 -0.181559 -0.045563 -0.120343 -0.113124 -0.088767 0.039182 -0.116379 -0.142411 0.074843 -0.011670 -0.077990 -0.061049 -0.004720 -0.109969 -0.005271 -0.011691 -0.073787 -0.071498 -0.156291 -0.060770 -0.127513 0.017499 -0.085271
-0.142617 0.052646 0.015990 -0.163145 -0.036541 -0.062594 -0.024893 -0.234183 -0.108352 0.000000 0.038123 0.079487 -0.073030 -0.043835 0.008950 -0.167561 -0.018641 -0.112469 -0.009165 -0.134884 -0.164586 -0.009835 -0.023792 -0.168378 -0.030871 -0.077583 -0.092906 -0.106549 -0.058829 -0.129955 -0.181147 -0.035423 -0.174995 0.003952 -0.213448 -0.059404 -0.054806 0.025726 0.011576 0.034532 -0.037158 0.000054 0.004532 -0.036234 -0.102599 0.107468 -0.060377 -0.111197 0.018708 -0.056311 0.070168 0.016235 0.015759 -0.025315 -0.090641 -0.086418 -0.011924 -0.000761 -0.173215 -0.217926 0.069866 -0.142147 -0.030588 -0.074795 -0.135797 -0.162987 -0.174346 -0.158081 -0.040457 -0.038479 -0.076157 0.020706 -0.021994 0.041151 0.015488 -0.160517 -0.014090 -0.059659 -0.210255 0.003713 -0.064400 0.099046 -0.103543 0.038935 -0.177682 -0.045756 -0.127591 -0.145289 -0.007916 -0.190055 0.049208 -0.117153 -0.163584 0.060971 0.050301 -0.187679 -0.094502 -0.231945 0.082865 -0.084292 0.003570 -0.103373 -0.101053 0.033960 -0.044023 0.002297 -0.071732 -0.055152 0.084753 -0.104191 -0.112508 -0.106364 0.006490 -0.030000 -0.005903 -0.149336 -0.035451 -0.046682 -0.236119 -0.016305 -0.160922 -0.103132 -0.193759 0.019070 -0.154489 0.030848 0.047630 -0.225598 -0.109749 -0.067225 -0.048745 -0.090491 -0.010878 -0.121638 -0.022648 -0.155147 -0.229698 -0.093742 0.067498 -0.035752 -0.007121 -0.092244 -0.251479 -0.079116 -0.047140 -0.153044 -0.093172 -0.092735 0.038572 -0.248647 0.046606 -0.082625 -0.077807 -0.226212 -0.051706 -0.050794 -0.211457 -0.072181 -0.067321 0.053394 -0.066875 -0.098304 -0.044663 0.000427 -0.041027 0.066595 -0.006220 -0.117880 0.057765 -0.054130 -0.142369 -0.020300 0.047242 0.114379 -0.039800 -0.036023 -0.089699 -0.164734 -0.083955 -0.147439 -0.104111 -0.033272 0.016624 -0.174305 -0.151138 0.117152 0.082394 -0.211173 -0.064966 -0.001496 -0.091853 -0.093895 0.042214 -0.102185 -0.065900 -0.118731 -0.077345 -0.143987 -0.054976 -0.136019
0.093596 0.069492 0.047659 0.010308 -0.043610 0.032169 -0.050716 0.043521 -0.024114 0.038123 0.000000 -0.055617 -0.031068 -0.042172 -0.004218 -0.018317 0.100706 -0.115955 0.061576 -0.001546 0.064421 -0.045434 0.009766 0.100984 -0.022897 0.110730 -0.012189 0.068269 -0.034372 -0.048427 0.116379 0.041747 -0.013320 -0.025681 0.035140 -0.088160 -0.008668 -0.017723 -0.061392 -0.037924 -0.014502 0.044514 -0.072481 0.077979 -0.081353 -0.084412 -0.038809 -0.011947 0.046906 -0.041247 0.106435 -0.076286 0.027081 0.094402 0.065252 -0.117451 -0.064815 -0.048032 0.038749 0.020736 -0.023774 0.006985 0.039189 -0.042386 0.021872 0.052804 0.006594 -0.162765 -0.111385 0.103318 0.049607 0.097935 0.042007 0.054242 0.050674 0.071674 0.059867 0.069489 -0.002805 -0.098764 0.051758 0.060187 0.068989 0.002215 0.010728 -0.157402 0.059888 -0.024982 0.100610 0.021054 -0.001590 0.023204 0.049442 -0.118144 -0.024540 0.114064 0.098696 0.052532 -0.076533 0.071771 -0.063562 0.093442 -0.048901 0.025874 0.064735 -0.073696 -0.029951 0.087642 0.036379 -0.101941 0.081607 0.047693 -0.076334 0.114366 -0.054269 -0.021764 0.027579 -0.008324 0.068500 -0.134092 0.003959 -0.056831 0.012547 -0.000835 0.066298 -0.020042 -0.008895 0.010515 0.115330 -0.042579 0.092653 0.078591 -0.013851 0.037311 -0.095541 0.077098 -0.056198 0.070955 0.025071 -0.023060 0.006356 0.069660 0.076541 -0.093023 0.007019 0.103323 -0.048347 -0.080103 -0.011773 0.100168 -0.045071 -0.031185 0.153320 -0.071504 -0.012325 -0.021895 -0.025873 0.015296 0.012994 0.059862 -0.003130 -0.087258 0.031410 0.037547 -0.000255 -0.027194 0.030890 -0.018750 0.055211 0.067438 0.008466 0.052762 -0.021425 -0.029995 0.060451 -0.011046 0.024905 -0.021186 0.067475 0.027003 0.067709 -0.018857 0.080975 0.049871 -0.001629 0.031685 -0.027716 0.069169 0.085544 0.005903 -0.059960 0.042238 -0.006874 -0.051938 0.057700 0.092371 -0.006970 -0.065471 -0.012296 0.017402
-0.034495 -0.132459 -0.052205 -0.052804 -0.098754 0.008381 0.030688 -0.054557 0.066928 0.079487 -0.055617 0.000000 0.057690 -0.038230 0.043327 0.021533 -0.023303 0.020525 -0.005379 0.006940 -0.106611 -0.123146 0.079924 0.041973 0.050041 0.055532 -0.044523 0.037472 0.024835 -0.041265 0.069354 -0.065813 0.048108 0.009379 -0.089283 0.069020 -0.015387 -0.001333 -0.141118 -0.038411 0.002387 0.088409 -0.033820 -0.013894 0.038775 -0.007619 0.041451 -0.058220 -0.015895 -0.009509 -0.012103 0.006704 0.108146 0.019769 0.029520 -0.058752 0.060832 -0.106265 0.001803 -0.018562 0.023089 -0.079813 -0.042925 -0.020400 -0.095531 0.004442 -0.085433 -0.038935 -0.042805 0.066569 0.050344 -0.062084 0.049336 0.110221 -0.041367 -0.031370 -0.010231 -0.064964 0.010621 0.033794 0.066356 -0.056768 0.018280 0.082617 -0.077137 -0.055463 -0.081889 -0.022574 0.057055 -0.018642 -0.108471 -0.078990 0.030932 0.048017 -0.074395 0.008594 0.015357 -0.052215 -0.029541 -0.077023 -0.069650 -0.037389 0.032849 -0.100130 -0.001011 -0.077882 -0.102182 -0.036056 -0.060399 -0.046576 -0.085100 0.013425 0.006427 -0.002128 0.026051 0.019901 -0.092854 0.018220 -0.026790 -0.031630 -0.055616 -0.078400 -0.034331 0.150723 0.047909 0.017791 -0.032857 0.021937 -0.014864 0.017540 -0.021461 0.017582 -0.055816 -0.021110 0.077574 0.071855 -0.078705 0.026055 -0.123684 -0.088668 0.069688 -0.025761 -0.052614 -0.017226 -0.039267 -0.034446 0.038122 0.003087 -0.026184 -0.051705 0.059075 0.036668 -0.020186 -0.081420 -0.082594 0.069999 0.007591 -0.069471 -0.023914 0.022912 0.075950 -0.048418 0.005894 -0.049546 0.030367 -0.017347 0.015739 0.012885 -0.007659 -0.013161 0.023081 0.004396 0.022170 -0.077914 0.044975 0.006317 0.028340 -0.050129 -0.034666 0.050585 -0.065202 0.042385 0.034455 0.034844 -0.065368 0.039859 0.002920 0.054580 0.012850 -0.024517 -0.062665 0.090192 -0.009539 -0.044626 -0.025556 0.048173 -0.044867 -0.047012 -0.014053 -0.021652
-0.093070 -0.084336 -0.140611 0.030616 -0.069244 -0.038745 0.131767 -0.136953 -0.073244 -0.073030 -0.031068 0.057690 0.000000 -0.170234 0.015725 -0.144640 0.036760 -0.090627 -0.098065 0.104354 -0.158209 -0.060808 0.102011 -0.101573 0.079079 -0.117163 -0.059475 -0.032875 -0.036201 -0.021364 -0.088047 -0.062012 -0.065659 0.023969 -0.042011 -0.072295 -0.041046 0.043606 0.051915 -0.069285 -0.104247 0.003792 -0.112758 -0.046957 -0.110082 -0.101787 -0.007914 -0.041908 -0.049077 -0.042176 -0.012505 -0.053278 0.067330 -0.062275 0.011243 0.035617 0.061067 -0.103770 0.156700 -0.118491 -0.015718 -0.094856 -0.040812 -0.042647 -0.166217 -0.097065 0.052971 -0.111760 0.008300 -0.046743 -0.014924 -0.109546 -0.023018 0.045714 -0.033220 -0.131636 0.018469 0.004398 -0.023652 -0.094010 -0.172385 -0.100112 0.042471 -0.023826 -0.167736 0.018447 -0.091235 -0.071928 -0.051795 -0.093031 -0.051406 -0.039581 -0.163739 -0.017102 -0.069750 -0.089949 -0.142543 -0.115156 0.028930 -0.135373 -0.119541 -0.045635 -0.072627 -0.079718 -0.067163 -0.175141 -0.062922 -0.062568 -0.053414 -0.068755 -0.110007 0.006396 0.112198 -0.123768 0.064152 -0.174898 -0.037430 -0.095585 0.005704 -0.048604 -0.029608 -0.125846 -0.078622 0.013637 -0.157784 -0.053530 -0.076187 -0.084244 -0.021219 -0.082304 -0.033305 -0.110965 -0.140900 -0.130257 0.024540 -0.109049 -0.072507 -0.101739 -0.046677 -0.081913 0.054527 -0.032306 -0.234380 0.020042 -0.093312 -0.042054 -0.118835 -0.039202 0.020707 -0.187359 0.074221 -0.092904 -0.089173 -0.133112 -0.095348 -0.039574 -0.114248 -0.068354 -0.141240 0.011257 0.072682 -0.044624 -0.064826 0.138314 0.083881 0.036917 0.032709 -0.083385 0.054878 -0.090234 -0.225964 -0.017586 -0.069860 -0.118915 -0.027369 -0.002553 -0.141483 -0.004677 -0.095690 -0.135089 -0.065761 -0.087840 0.025759 0.114024 -0.086676 -0.036288 -0.018076 -0.093652 -0.044306 -0.033161 -0.178614 -0.047204 -0.068940 -0.021274 -0.086601 0.090167 -0.146434 -0.063162 -0.052024 -0.073603
-0.044489 0.006178 -0.179300 -0.117502 0.061855 -0.123525 -0.119521 -0.108386 -0.108365 -0.043835 -0.042172 -0.038230 -0.170234 0.000000 -0.006838 0.019959 -0.049362 -0.173863 -0.099079 -0.078295 -0.092661 -0.000499 0.007067 0.042621 -0.121636 -0.036343 -0.009418 -0.061515 -0.035717 -0.122839 -0.038616 0.074290 -0.090201 -0.126583 -0.063385 -0.076470 -0.159136 -0.124315 -0.044916 -0.139941 -0.068909 0.066895 -0.031893 -0.101427 -0.120661 -0.084852 -0.057443 -0.131910 -0.113209 -0.076201 0.049210 -0.085557 -0.014108 -0.109982 -0.099000 -0.056659 -0.000127 -0.099768 -0.091602 -0.110545 0.025110 -0.055297 -0.067697 -0.118705 -0.142304 0.004879 -0.112981 -0.170254 -0.087819 -0.054657 -0.022490 0.020244 0.009509 -0.004979 0.029984 -0.112256 0.004345 0.041151 -0.146586 -0.110945 -0.116226 -0.009861 -0.046815 -0.050938 0.065484 -0.084176 -0.039705 -0.112062 -0.081921 -0.035353 -0.061087 -0.099663 -0.099371 -0.092951 -0.021805 -0.022434 0.036788 -0.101240 -0.014633 -0.044311 0.007071 -0.041430 -0.047038 0.003856 -0.137922 -0.050667 -0.164558 -0.099792 0.152283 -0.138552 -0.080886 -0.010333 -0.050677 -0.028255 -0.125157 -0.009295 -0.149634 -0.047248 -0.091464 -0.035540 -0.030540 -0.072609 -0.098838 0.041518 0.002301 -0.029168 -0.082722 -0.055472 0.013778 -0.039077 -0.023096 -0.119296 -0.011872 -0.032334 -0.025177 -0.050909 -0.113945 -0.061681 0.097342 0.142277 0.001677 -0.059818 -0.028955 -0.125900 -0.009101 -0.059892 -0.106027 -0.128640 -0.041868 0.030028 -0.089834 -0.133377 -0.055154 -0.118106 -0.088349 -0.069401 -0.111237 -0.065838 -0.062394 0.015687 -0.062773 -0.166831 -0.148388 -0.124233 -0.051162 -0.153229 -0.031640 -0.126140 0.014796 -0.024147 0.024269 -0.080157 -0.019550 0.032102 -0.043047 -0.034980 -0.061165 -0.110427 -0.069081 -0.070109 -0.022258 -0.069077 -0.014546 -0.098728 -0.152824 0.024191 0.035340 -0.040466 -0.067758 -0.092039 -0.069396 -0.059092 -0.040633 -0.079259 -0.081069 -0.141180 -0.118576 -0.018846 -0.027510 -0.056395
-0.030522 -0.009734 0.004909 -0.085353 0.033154 0.058908 0.021784 -0.031388 -0.062052 0.008950 -0.004218 0.043327 0.015725 -0.006838 0.000000 -0.050700 0.037842 0.077618 0.030327 -0.005377 0.018616 0.020471 0.012612 0.025216 -0.021332 -0.072851 -0.055363 0.018573 0.056456 -0.025488 0.021614 0.017600 0.013940 -0.016562 -0.009462 -0.034298 0.078171 0.039774 -0.076180 0.034332 -0.092162 0.006410 -0.027216 0.009222 0.076847 0.085940 0.011770 0.113775 -0.037834 0.013673 0.044429 -0.013378 0.055418 -0.048238 0.018503 0.001533 -0.042122 0.007215 -0.019559 -0.079480 -0.041567 -0.097257 -0.023541 -0.024089 -0.003274 -0.031518 -0.036376 -0.027274 0.027449 0.004452 -0.110571 0.015754 -0.049448 0.051605 0.033484 0.026316 -0.012571 0.005424 0.021179 -0.052252 0.005892 0.000821 0.013010 0.065841 -0.078709 0.006792 -0.083956 -0.003024 0.002328 -0.008830 0.024847 -0.022164 -0.007486 0.116318 -0.018740 0.013006 -0.020316 -0.036866 0.002045 -0.024453 0.048804 -0.058893 -0.061424 0.043862 0.045238 -0.059109 -0.026080 -0.018161 0.066620 -0.045229 0.034410 0.010374 -0.007951 -0.007630 0.053826 -0.028585 -0.004611 -0.026227 0.006092 -0.080425 -0.014490 0.006361 -0.023017 0.043209 -0.055518 0.000743 -0.043015 -0.021674 -0.023523 -0.102031 -0.006722 0.011021 -0.084779 0.012218 0.046756 0.016711 -0.088114 -0.036795 0.113780 0.012866 -0.046091 -0.075638 -0.100331 0.016484 -0.057953 -0.008728 0.011184 0.114984 -0.012261 -0.089365 -0.027920 -0.063921 0.034912 -0.031106 -0.043703 0.039624 -0.014326 -0.127227 -0.071004 -0.016900 0.049876 -0.060226 0.060306 -0.006427 0.003260 0.040729 -0.051446 -0.120234 0.003101 -0.016969 0.028351 0.039736 -0.079908 0.089336 -0.071361 0.013848 -0.132591 0.018626 0.023971 -0.041393 -0.034071 -0.047393 -0.013678 -0.042704 -0.062619 0.036086 -0.055005 0.031981 -0.039235 -0.021238 -0.101876 -0.004659 0.020053 0.019333 -0.020272 -0.064236 0.024859 -0.102836 0.062258 0.043718
-0.063106 0.030444 -0.072965 0.044382 -0.040863 0.132257 0.091004 -0.038806 -0.099742 -0.167561 -0.018317 0.021533 -0.144640 0.019959 -0.050700 0.000000 -0.117437 -0.153992 0.021040 -0.010724 -0.061475 -0.033117 -0.011839 0.076865 -0.035765 -0.016991 -0.066752 0.003558 0.020649 -0.077335 0.001655 -0.006511 0.161341 -0.200350 0.021416 -0.128598 -0.100449 0.031064 0.044160 0.023761 -0.087920 -0.021869 -0.043966 -0.102948 -0.213021 -0.047642 -0.090432 -0.101586 -0.048991 -0.137144 0.030090 -0.125753 0.074734 0.011463 -0.016817 0.113552 0.050865 -0.207052 0.007764 -0.007273 -0.013087 -0.052956 -0.038382 -0.040757 -0.050815 -0.023638 -0.008471 -0.174434 0.110600 -0.030512 0.021534 -0.128969 -0.228854 0.016984 0.037783 0.069108 -0.183705 -0.014813 0.001660 -0.175883 -0.100825 -0.077471 0.074400 -0.120700 -0.083214 -0.102641 -0.046109 0.051452 -0.083910 -0.017400 -0.006676 -0.060492 -0.076987 -0.152218 -0.123833 -0.063469 -0.077836 -0.027713 -0.068892 -0.121891 -0.068315 0.014126 -0.049176 -0.032750 -0.067148 -0.115170 0.052612 -0.063498 -0.072272 0.017703 -0.058363 0.034073 0.027083 -0.208267 0.030636 0.008198 0.048384 -0.110478 0.039088 -0.087499 0.010327 -0.077134 -0.040138 -0.012660 0.031430 -0.185822 -0.080608 0.066601 0.053542 -0.133402 -0.017241 -0.057209 -0.111515 -0.005660 -0.142869 0.059123 -0.046515 -0.023053 -0.042075 -0.028215 -0.058401 0.025019 -0.069680 0.067330 -0.027506 0.027713 -0.012532 -0.193441 -0.151680 -0.039243 -0.124507 -0.165539 0.003479 -0.066272 -0.083363 -0.069192 -0.030783 -0.032224 -0.088595 0.005574 -0.003725 -0.130984 0.172483 -0.062013 0.062870 -0.109404 0.078602 0.019214 -0.086721 -0.033143 -0.094969 -0.017684 -0.080389 0.052765 0.044187 -0.080021 -0.013513 -0.093816 -0.074780 0.031880 -0.027549 -0.143532 -0.045676 0.035516 0.002856 -0.033262 -0.067019 0.041523 0.020717 -0.080641 -0.045236 -0.171405 0.103702 -0.120547 -0.080732 0.011961 0.113016 -0.081046 -0.029246 0.013043
-0.011855 0.059423 -0.130624 0.030450 -0.003966 -0.022562 -0.031472 -0.016369 0.043484 -0.018641 0.100706 -0.023303 0.036760 -0.049362 0.037842 -0.117437 0.000000 -0.037067 -0.080903 0.033818 -0.031758 -0.008456 0.037217 0.075261 -0.076838 0.073748 0.014148 -0.012235 0.031216 -0.085119 -0.006490 0.079760 0.141725 -0.151061 -0.010786 -0.036080 -0.133578 -0.114964 -0.123646 -0.004197 -0.029147 -0.039372 0.053527 -0.058550 -0.056771 -0.021773 0.037456 -0.058998 0.033338 0.029726 0.083450 -0.050040 0.076052 -0.038350 0.103572 0.003973 0.037503 -0.145956 0.033961 0.019891 -0.075897 -0.101498 -0.040390 -0.122450 -0.033487 0.057679 0.061907 -0.077520 0.080721 -0.023329 0.007658 -0.065482 0.020048 0.063213 -0.019653 0.023105 0.083569 0.063065 0.126757 -0.051694 -0.090592 -0.081607 0.068691 0.044798 -0.097554 -0.005366 -0.004288 0.021448 -0.056988 0.025664 0.030750 0.002456 -0.159107 -0.120512 -0.106603 -0.034672 -0.083192 0.024445 -0.117432 -0.131793 0.004253 -0.003844 0.018305 0.048319 -0.112637 -0.131056 0.070331 -0.040385 0.023608 -0.045266 0.006059 0.061787 0.022752 -0.164801 0.072338 -0.030647 0.072438 -0.006036 0.091998 0.021804 0.022455 -0.146695 0.067320 -0.069383 0.098298 0.007729 -0.066724 0.095186 0.026367 -0.026499 0.040312 -0.120557 -0.005710 0.052233 0.042113 0.011007 0.033033 0.003133 0.006960 -0.005905 -0.028072 -0.031257 -0.105362 0.057362 -0.037592 0.058718 -0.075758 -0.016537 -0.094808 -0.004403 -0.100157 -0.061349 0.032187 0.065868 -0.001949 -0.072250 0.105668 0.030403 0.033983 0.092672 0.153269 -0.048475 0.005100 -0.204979 0.047960 -0.202464 0.074185 0.064566 -0.066937 -0.089937 -0.116129 -0.039449 0.035736 0.029198 0.080489 0.016997 0.000975 0.033903 -0.155263 0.065012 0.000225 0.027529 0.026847 0.113941 -0.008676 0.010514 0.024851 -0.009234 0.014329 -0.017511 -0.059099 0.027477 0.104951 -0.038286 0.008733 0.077845 0.058627 -0.015642 -0.003304 0.019261
-0.220205 -0.137292 -0.098425 -0.158440 -0.044136 -0.125021 -0.058422 -0.266690 -0.156793 -0.112469 -0.115955 0.020525 -0.090627 -0.173863 0.077618 -0.153992 -0.037067 0.000000 -0.125565 -0.140412 -0.101216 -0.053587 -0.056169 -0.211229 -0.098012 -0.164485 -0.137492 -0.095840 -0.072380 -0.093989 -0.112548 -0.085207 -0.164463 -0.148709 -0.200649 -0.151927 -0.089006 -0.057171 -0.017911 -0.059540 -0.216630 0.005514 -0.027032 -0.085949 -0.025483 -0.021549 -0.087494 -0.100709 -0.112046 -0.093899 0.074650 -0.019535 -0.052740 -0.201637 -0.116957 -0.072511 0.010441 -0.081725 -0.134205 -0.237511 -0.106031 -0.261082 -0.148096 -0.145422 -0.164913 -0.242105 -0.164559 -0.081385 -0.153670 -0.189085 -0.009630 -0.106255 -0.119098 0.018677 -0.031586 -0.202518 -0.066021 -0.016274 -0.124433 -0.136855 -0.215178 -0.063143 -0.168654 -0.083003 -0.170013 -0.025184 -0.166877 -0.155071 -0.187687 -0.155404 -0.069929 -0.101612 -0.204354 -0.049092 -0.054495 -0.183641 -0.159797 -0.170838 -0.039756 -0.212963 -0.099634 -0.110959 -0.181549 -0.070139 -0.164509 -0.094014 -0.214370 -0.145792 0.083479 -0.138990 -0.076989 -0.032421 -0.028935 -0.070459 -0.088094 -0.188823 -0.231395 -0.161371 -0.220711 -0.039819 -0.224023 -0.171384 -0.212960 0.065747 -0.125384 -0.068685 -0.057166 -0.201617 -0.074146 -0.007548 -0.168177 -0.071396 -0.105290 -0.134296 -0.072845 -0.124568 -0.180593 -0.206767 -0.018968 -0.135332 -0.074238 -0.159692 -0.225932 -0.143522 -0.084991 -0.175327 -0.161831 -0.019799 -0.067946 -0.251384 -0.117152 -0.205765 -0.160344 -0.209561 -0.099141 -0.140236 -0.231336 -0.122076 -0.196452 0.015628 -0.013916 -0.171551 -0.069175 -0.082579 -0.099873 -0.018102 -0.073514 -0.099324 -0.029912 -0.156900 -0.236614 -0.225830 -0.039852 -0.042697 -0.126136 -0.095231 -0.191502 -0.079673 -0.126713 -0.207821 -0.133401 -0.080606 -0.047977 -0.151681 -0.256498 -0.034721 -0.008703 -0.121446 -0.182651 -0.068440 -0.109937 -0.098231 -0.053417 -0.084004 -0.084262 -0.134899 -0.140379 -0.126442 -0.170487 -0.223420
-0.010699 -0.014469 0.062378 -0.053465 0.089091 0.097373 -0.062679 0.075460 -0.045421 -0.009165 0.061576 -0.005379 -0.098065 -0.099079 0.030327 0.021040 -0.080903 -0.125565 0.000000 -0.023467 0.063236 0.044944 0.049165 0.057186 -0.022285 0.018683 0.031833 0.122042 0.056302 -0.026449 -0.015732 0.101278 -0.020120 -0.113179 0.052261 -0.087030 -0.009303 -0.061196 -0.028386 -0.038587 -0.058365 0.087827 0.066101 -0.038164 -0.060466 0.103863 -0.026916 0.010544 -0.075490 -0.068209 0.137489 -0.059918 0.055088 -0.028425 -0.046942 -0.078677 0.029043 -0.002397 -0.006395 0.066648 0.048764 0.073075 -0.020337 -0.026884 0.044263 0.085078 -0.082960 -0.077399 -0.012843 0.033212 -0.011053 0.080257 0.007450 0.092421 0.013502 0.032899 0.009448 0.010242 -0.061833 -0.098842 0.016546 -0.014690 0.029427 -0.064733 -0.022525 -0.067346 0.008302 0.003995 -0.056111 0.005329 -0.014511 -0.061895 -0.092455 -0.087618 0.116102 0.136636 0.026445 0.024621 0.087535 -0.015828 0.068423 -0.039741 -0.030022 0.060102 0.089338 0.022341 -0.014602 -0.054367 0.225751 -0.114278 0.020847 -0.020038 -0.004623 0.044933 -0.041880 -0.108531 0.029164 -0.043989 -0.009540 -0.070500 -0.020427 0.066820 0.039032 0.018467 -0.028413 -0.015558 0.009899 -0.041511 0.015160 -0.041759 -0.088157 0.002317 -0.032905 0.052701 -0.065122 -0.096996 -0.021086 -0.015532 0.108010 0.141966 0.094557 -0.023441 0.007502 -0.029090 0.087702 0.018724 -0.047169 -0.025021 0.033143 0.047574 -0.012660 -0.090562 0.087116 0.046475 -0.041487 -0.118719 0.082904 -0.007928 -0.002548 0.036459 -0.013909 -0.086356 -0.073660 -0.067086 -0.000474 -0.060867 -0.039709 -0.062091 0.107514 -0.049557 -0.050652 -0.035858 0.068322 0.085355 -0.000125 -0.061328 -0.011232 -0.031395 0.129754 -0.076114 -0.029517 -0.072147 0.111967 -0.082099 0.029163 0.076401 0.033885 -0.019053 0.000935 -0.058887 0.022566 -0.036500 -0.040279 -0.044827 -0.048138 -0.064902 -0.009706 -0.027681 0.052856 0.056444
-0.050322 0.014702 -0.082236 0.043846 -0.122821 0.032417 0.067450 -0.019335 -0.112688 -0.134884 -0.001546 0.006940 0.104354 -0.078295 -0.005377 -0.010724 0.033818 -0.140412 -0.023467 0.000000 0.019121 -0.070308 -0.043877 0.041177 0.037150 -0.112816 -0.050941 0.086286 0.023366 -0.097225 -0.007405 -0.018906 0.063617 0.044926 0.008975 -0.118513 -0.037548 -0.024297 0.001479 0.029041 -0.076258 0.014042 -0.078845 -0.075135 -0.115625 -0.070338 -0.100432 -0.024250 0.000828 0.018413 0.014244 -0.119576 -0.017900 -0.003848 0.087541 0.086100 0.040727 -0.178515 0.094483 -0.016269 0.008578 -0.081615 0.056763 0.009590 0.040838 -0.042646 0.043928 -0.103429 -0.004327 -0.058292 0.089004 -0.089437 -0.004132 0.011417 -0.032824 -0.028267 -0.028262 0.032322 0.079673 -0.127190 -0.056674 -0.075948 0.006135 -0.085346 0.004641 -0.136481 -0.025453 -0.089965 -0.051888 0.011433 -0.065052 0.024086 -0.027163 -0.036909 -0.082732 -0.019006 -0.039674 -0.096658 -0.057871 -0.107924 -0.110962 0.007658 -0.099185 -0.092261 -0.097212 -0.100743 -0.033580 -0.058500 -0.092537 0.040670 0.042483 -0.031615 -0.060888 -0.100615 -0.009721 -0.041783 -0.005047 -0.082457 0.046116 -0.059253 0.046245 -0.092304 0.052371 0.073884 0.065871 -0.122635 -0.058634 -0.001987 0.038609 -0.054833 -0.002278 -0.029785 -0.039341 -0.003780 -0.085658 -0.028665 -0.014749 -0.103288 -0.131834 -0.160060 0.024214 -0.039724 -0.029962 -0.028696 -0.033505 0.061925 -0.044348 -0.114487 -0.030504 0.003315 0.053306 -0.103934 -0.047984 -0.088031 0.015007 -0.047942 -0.091019 -0.059415 -0.119133 0.083167 0.103184 -0.101679 -0.003201 0.027574 0.015893 -0.047364 0.013263 0.043019 0.044178 0.008471 -0.018827 -0.073995 -0.014020 -0.136925 -0.083804 -0.069739 -0.112619 -0.035943 -0.110510 0.021759 -0.028879 0.088210 -0.030706 0.071215 -0.002419 -0.036805 -0.000901 0.032014 -0.069779 -0.010485 -0.095914 -0.074344 -0.059987 -0.011121 -0.087187 0.077931 0.026177 -0.075727 -0.020476 0.027094
