0.000000 -0.128445 -0.217353 -0.039223 0.001411 0.107534 0.117262 0.297795 0.046785 0.108137 -0.104413 0.131776 0.229681 -0.133067 0.204788 -0.067583 -0.000736 -0.040507 -0.145313 0.148015 0.177706 0.057491 0.131278 0.063860 0.111613 -0.134378 0.105929 0.073093 0.065286 -0.000105 0.055061 -0.041231 0.083560 -0.077491 -0.051765 0.080320 -0.086198 0.137827 -0.136393 0.116302 0.078485 0.118527 -0.102582 -0.136073 -0.001179 -0.015675 0.289280 -0.021954 -0.107349 0.214620 -0.038531 0.131026 0.040126 -0.078656 0.207012 0.038559 0.111350 -0.216643 0.100362 0.087236 0.088856 0.029567 -0.048167 0.108306 0.177420 0.024795 0.137054 -0.087944 0.077610 -0.153717 0.086293 -0.067204 0.031500 0.052425 0.010676 0.108893 -0.136907 -0.067975 0.154030 -0.021705 0.012120 -0.071525 0.074130 0.086713 -0.243380 0.017899 0.072342 -0.021356 -0.055188 0.247272 -0.113878 0.175677 0.142431 0.183681 0.048047 0.291183 -0.161091 0.031922 -0.114014 -0.057512 -0.068392 -0.062684 -0.017671 -0.139573 -0.107861 0.028979 -0.085920 -0.053148 -0.100032 0.026985 0.265139 0.168510 0.081510 0.068581 0.006694 0.107036 -0.093580 0.095717 0.078578 -0.170360 -0.100432 -0.026548 0.207846 0.089307 0.273597 -0.077315 -0.090073 0.048093 0.016035 0.091079 -0.012548 0.088532 -0.112050 0.252114 0.184365 0.108434 0.060230 -0.140286 -0.121715 -0.110888 -0.050741 0.000064 -0.018734 -0.039078 0.063598 0.043758 0.071614 0.148906 0.083424 -0.084064 0.096024 -0.011251 -0.165449 0.095841 0.062612 0.193538 0.165620 -0.065618 -0.124580 -0.114554 0.291359 0.014489 0.119913 -0.012781 -0.060632 -0.045150 0.124972 0.046932 0.067518 -0.203138 0.237731 -0.064961 -0.009377 -0.096194 -0.139851 0.197739 -0.149801 0.063235 -0.132622 0.129322 -0.034145 0.247130 0.102556 0.113656 -0.002324 -0.077608 0.044660 0.167557 -0.056305 0.077478 0.029794 0.054281 -0.120171 0.015408 -0.110876 0.242736 0.127481 0.099522 0.064300 0.022282
-0.128445 0.000000 -0.150373 0.018978 -0.000750 -0.050550 -0.050810 0.152816 0.041238 0.077836 -0.006031 0.050703 0.084479 0.040467 -0.004477 -0.177562 0.104155 -0.029841 -0.176092 0.094412 0.113837 0.044092 -0.031684 0.164676 0.004318 -0.136650 -0.030458 0.215194 -0.124330 -0.068621 0.121821 -0.048323 0.008436 -0.304330 0.023498 0.041707 -0.150861 -0.037366 -0.064168 0.037319 0.032396 -0.044745 -0.080767 -0.014124 0.041277 -0.267227 0.090401 -0.121885 -0.012555 0.036313 -0.049040 0.132047 0.085458 0.099549 0.072301 -0.274145 -0.041616 -0.076372 0.070798 0.171998 -0.241953 -0.014327 -0.080281 0.041923 0.079782 -0.060435 0.131090 -0.099488 -0.037450 -0.141916 -0.025578 0.109001 -0.274821 -0.038900 0.061028 -0.017061 -0.243960 -0.089095 0.034157 -0.121679 0.004024 -0.268582 0.105075 0.134275 0.071713 0.094878 -0.015488 0.012408 -0.067423 0.206836 0.043948 0.063160 0.155597 0.342471 -0.052271 0.234275 0.156433 0.025297 -0.255716 -0.081624 0.091018 -0.090286 0.003585 -0.089612 -0.113453 -0.008570 0.174212 0.069928 -0.071506 -0.060890 0.140337 0.129971 0.039561 -0.124784 -0.048225 0.120919 -0.065969 0.018584 0.080432 -0.106351 0.029879 -0.075853 0.082297 -0.038971 0.020136 -0.181785 -0.025226 0.091245 0.037159 -0.014207 -0.017750 0.004251 -0.066607 0.278552 0.099916 -0.075886 0.160588 -0.080809 -0.016491 0.026274 -0.081418 0.073047 -0.060583 -0.060782 0.018280 0.100190 -0.089052 0.100770 0.034918 -0.199870 -0.169890 -0.027620 -0.011046 -0.022938 -0.058198 -0.113724 0.075440 -0.003120 -0.193902 -0.026574 0.138923 0.019382 -0.056067 -0.041065 -0.092341 0.074564 -0.151838 -0.045056 0.010314 -0.042253 0.124881 0.016626 0.012405 -0.161939 -0.123203 0.158892 -0.072828 0.118048 -0.084405 0.225270 -0.076535 0.136877 0.066115 -0.050304 0.009338 0.021849 0.187401 0.141073 0.020299 0.046129 -0.170756 -0.038149 0.085261 -0.022925 -0.227257 0.120241 -0.038680 -0.006587 0.015199 0.113450
-0.217353 -0.150373 0.000000 -0.059266 0.012118 -0.093914 -0.203271 0.060327 -0.062594 0.016207 -0.177814 -0.121110 0.079016 -0.254518 -0.010584 -0.286832 -0.137221 -0.080493 -0.071106 0.083025 -0.097193 -0.027315 -0.122292 -0.099580 -0.114685 -0.127334 -0.052335 0.058908 -0.134982 0.013073 0.016844 -0.107748 -0.171104 -0.244512 0.047289 -0.110791 -0.106230 -0.215334 -0.262423 0.022221 -0.144481 -0.136392 -0.187534 -0.118821 -0.013389 -0.211790 0.044894 -0.115604 -0.129300 -0.065063 0.033221 0.125978 -0.015498 -0.046487 0.009546 -0.073511 -0.046174 -0.019814 0.076739 0.047896 -0.209969 -0.112048 -0.132538 -0.039674 -0.130997 -0.099877 0.114905 -0.195254 -0.174631 -0.063918 -0.049854 0.050276 -0.201801 -0.061109 -0.023761 -0.030720 -0.189578 -0.107652 -0.069343 -0.174844 -0.308958 -0.169154 -0.007153 0.057128 0.028358 0.092556 -0.026565 -0.048302 -0.081381 -0.038236 -0.028504 0.109537 -0.022712 0.174388 -0.078708 -0.034523 -0.038577 -0.041844 -0.210913 -0.196221 0.001927 -0.063755 -0.163472 -0.005717 -0.148122 -0.115538 -0.157658 -0.050993 -0.108974 -0.003959 -0.080533 0.092337 -0.063647 -0.258217 -0.269071 -0.003197 -0.212966 -0.049937 0.046100 -0.110688 -0.059496 -0.053862 -0.002194 -0.079914 -0.051999 -0.094742 -0.043569 -0.071685 -0.084975 0.031209 -0.054235 -0.073035 -0.027304 0.075286 0.066004 -0.128489 0.042600 -0.052991 0.015629 -0.071906 -0.077778 0.018568 -0.186577 -0.223119 -0.048609 -0.018474 -0.242005 -0.102015 -0.046178 -0.158720 -0.217150 -0.023879 -0.124196 -0.014983 -0.013640 -0.149114 -0.053717 -0.070125 -0.225893 -0.082929 -0.000223 0.023951 -0.118960 -0.212234 -0.160847 -0.141206 -0.014290 -0.036947 -0.074186 -0.188353 -0.019623 -0.111570 0.099320 0.042059 -0.131211 0.017275 -0.038942 0.041658 -0.132641 -0.030398 -0.134105 -0.023513 0.053700 -0.012405 -0.074195 -0.096023 0.032603 -0.044871 -0.148528 0.016368 -0.119384 -0.062265 -0.036509 0.020644 -0.233263 -0.027747 -0.049358 -0.043616 -0.071606 -0.134308
-0.039223 0.018978 -0.059266 0.000000 -0.008915 0.026949 0.039747 0.056272 -0.191983 -0.078898 -0.230568 -0.000602 0.152820 -0.040375 -0.055345 -0.177225 0.022182 -0.180943 -0.040462 -0.062203 0.055486 -0.095439 -0.129232 -0.061991 -0.076471 -0.129483 -0.018769 -0.024969 0.034315 -0.081378 0.040536 -0.075519 0.053202 -0.075831 -0.029244 -0.023873 -0.286811 0.075890 -0.285009 0.023909 -0.020970 -0.041360 -0.019187 -0.102982 -0.058688 -0.024378 -0.013954 -0.189359 -0.178853 0.043372 -0.135937 0.103484 -0.104677 -0.041415 0.028521 -0.011177 -0.129814 -0.150424 -0.033177 0.018435 -0.027182 -0.076080 -0.207396 0.005454 0.011707 -0.077471 -0.240780 -0.235020 0.096574 -0.090844 -0.074073 -0.071073 0.047128 -0.022280 -0.063089 0.066583 -0.332046 -0.021463 -0.007819 -0.230183 0.018519 -0.072241 -0.158547 0.030676 -0.156730 0.019983 -0.036807 -0.046147 -0.114852 0.143017 -0.030608 -0.040449 0.072645 0.244637 -0.014490 0.049311 -0.035503 -0.016058 -0.282752 -0.149391 0.031198 -0.053862 -0.056298 -0.099464 -0.118292 0.043632 -0.164697 -0.079490 -0.052829 -0.156832 0.160069 0.052750 -0.021937 -0.046762 0.090644 0.109111 -0.128466 -0.164659 -0.060320 -0.233435 -0.100247 -0.133629 0.083435 -0.109862 0.098610 -0.256986 -0.048033 -0.033642 0.067949 -0.158329 -0.004837 0.021075 -0.017837 0.109631 -0.066697 -0.036007 -0.273229 -0.216458 -0.156430 -0.133714 -0.128860 -0.049224 -0.148985 -0.093985 -0.020664 -0.150944 0.040709 0.008625 0.079163 -0.103712 -0.033338 -0.146708 -0.321711 0.014385 -0.027571 0.040787 0.051223 -0.119024 -0.204104 -0.131370 0.141497 -0.038123 -0.035167 -0.010465 0.022020 -0.102153 -0.006897 -0.047306 -0.060584 -0.102647 0.141058 -0.145131 0.063640 -0.012420 -0.157993 0.019232 -0.205297 -0.157750 -0.148711 0.116599 -0.026072 0.129390 -0.054014 -0.142813 -0.080947 0.037415 0.158267 0.016580 -0.154482 -0.028119 -0.015863 -0.198204 0.089861 -0.019633 -0.231189 0.184650 0.019077 -0.022311 0.056555 -0.069561
0.001411 -0.000750 0.012118 -0.008915 0.000000 0.078887 -0.051351 0.148072 -0.066161 -0.031555 -0.156193 0.092092 0.194345 0.034285 -0.130097 -0.104700 0.044725 -0.050861 0.045441 -0.046920 0.076734 0.332554 0.039273 0.084107 -0.089475 -0.108744 -0.033663 0.124103 0.081689 -0.063878 0.068489 -0.133905 -0.047194 -0.125179 0.007155 0.041039 -0.145935 0.033888 -0.163360 0.125969 -0.022407 0.157328 -0.200331 0.007058 0.024399 0.044042 0.063455 -0.115720 -0.094816 0.049472 0.109611 0.128193 0.003444 0.017768 0.139962 -0.131583 0.079195 0.033548 0.024152 0.075009 -0.095488 -0.030276 -0.062315 0.134020 0.051160 0.030850 0.060845 -0.208753 0.017715 -0.047281 0.001570 0.065371 -0.037297 -0.035079 -0.160192 0.100404 -0.257362 -0.256123 0.090195 -0.095404 -0.012465 -0.023406 -0.071885 0.069588 -0.074302 -0.037247 -0.076176 0.078658 0.015146 0.140045 -0.026418 0.098998 0.103057 0.279324 0.104242 0.122951 0.088691 0.078122 -0.123952 -0.101613 -0.053056 -0.066293 -0.044492 0.154441 -0.020990 0.080179 -0.071564 0.052443 0.020025 -0.058697 0.173870 -0.018404 0.076079 0.022115 -0.025251 0.128434 -0.071493 -0.044658 0.013540 -0.182124 0.043061 -0.062734 0.137392 0.095904 0.008150 -0.187484 0.142754 0.068423 -0.169232 -0.042537 0.056557 0.047080 -0.061903 0.217155 0.002473 -0.076562 -0.023701 -0.084925 0.052276 -0.192027 -0.152082 0.011412 -0.079949 -0.171529 -0.039010 0.068978 -0.077564 0.106528 0.112883 -0.052743 -0.010388 -0.115888 -0.215317 0.135636 -0.044492 0.025701 0.148087 -0.015806 -0.115914 -0.215919 0.173128 -0.053115 -0.024789 -0.078613 -0.150583 0.066629 -0.190771 -0.075925 0.103150 -0.025374 0.119807 -0.000622 -0.025474 0.080176 -0.137377 0.067138 -0.091737 0.034126 -0.047719 0.133710 -0.178104 0.083121 0.137511 -0.135074 0.035380 0.000752 0.054252 0.138919 -0.026342 -0.044510 0.081270 -0.144704 -0.072080 -0.042838 -0.164078 -0.019617 -0.013449 0.021348 -0.070060 0.044545
0.107534 -0.050550 -0.093914 0.026949 0.078887 0.000000 -0.136562 0.092421 0.008985 -0.062950 0.016155 0.081584 -0.000111 -0.063179 0.094279 -0.123624 0.109949 0.066222 -0.048423 0.037553 -0.073083 0.101636 0.074800 0.089539 0.007608 0.112830 -0.148806 0.092609 0.142124 0.054905 -0.071291 -0.227021 0.076820 0.080029 0.122196 -0.108804 0.019892 0.134744 -0.171401 0.098949 -0.043254 -0.091885 -0.232111 0.168653 0.096879 -0.090019 0.041621 -0.021632 -0.098495 -0.251598 -0.105953 -0.041242 -0.030191 0.127711 0.105081 0.022260 -0.128925 -0.008242 0.137785 0.035250 -0.018892 -0.001625 0.030435 0.023599 -0.037096 0.160560 0.148617 -0.211809 0.072123 0.104646 -0.131925 -0.065253 -0.060027 -0.001288 -0.071039 0.352327 -0.185049 -0.120212 0.076001 -0.241076 -0.112646 -0.124132 0.093129 0.055809 0.043374 0.005973 -0.162391 0.138086 0.128875 -0.077210 -0.019155 0.026589 0.008785 0.185706 -0.155504 -0.120615 0.038738 0.169191 -0.191204 0.035290 -0.083962 0.027907 -0.075447 0.006764 0.088721 -0.049553 -0.005632 0.153636 -0.188742 -0.025362 0.035749 0.002842 0.018928 -0.242352 -0.064814 0.162703 0.045374 0.094746 0.162847 -0.133526 0.002847 0.017657 -0.009108 -0.055831 0.115729 -0.158482 0.064640 0.023419 -0.032427 0.062638 0.123480 -0.112975 -0.134568 -0.059629 -0.015972 -0.215850 0.128890 0.220325 -0.082169 -0.218963 0.028077 0.098445 0.032219 0.012132 -0.184493 0.134775 -0.067881 -0.056924 -0.080820 0.118291 -0.010083 0.124263 -0.078091 0.140484 -0.115248 -0.183519 0.227330 0.117437 -0.012612 -0.060927 -0.106029 -0.076034 -0.076253 0.034852 0.036940 -0.158581 0.055220 0.164301 -0.039324 -0.030947 0.032079 0.178083 -0.199640 -0.114012 0.087544 -0.033590 0.178871 0.108744 0.036649 0.021127 -0.164454 -0.263434 0.066373 0.197465 0.027112 -0.193825 -0.027700 -0.107275 0.076031 0.074984 -0.105297 -0.096486 -0.062268 -0.077770 0.006293 0.052549 0.022080 -0.039689 -0.029006 0.034409
0.117262 -0.050810 -0.203271 0.039747 -0.051351 -0.136562 0.000000 0.100613 0.094993 -0.008868 -0.109109 -0.068823 0.190086 -0.278002 0.044616 0.096987 0.121088 0.034110 -0.126822 0.087198 0.091447 -0.041472 0.239391 0.050633 0.134319 0.047859 -0.027297 0.125585 0.013564 -0.036650 0.198250 -0.189095 0.042093 0.220398 0.004085 0.058472 -0.003060 -0.171642 -0.186371 -0.045076 -0.017855 0.089030 -0.117313 0.072962 0.083294 -0.134128 0.073475 -0.014721 -0.100968 0.223111 -0.118215 -0.004416 -0.001067 0.140928 0.161637 -0.135344 0.055893 -0.052539 0.176069 -0.044144 -0.134389 -0.017660 0.053368 0.087092 0.080469 -0.095627 0.138249 -0.173472 -0.150441 0.074182 -0.017669 -0.127086 -0.057611 0.045751 0.033431 0.005582 -0.192816 -0.024678 0.131856 -0.096694 -0.011824 -0.181183 0.090541 0.029601 0.092305 0.008839 -0.026945 0.004081 0.053099 0.105048 -0.151018 0.042178 0.376001 0.144853 -0.069230 0.080593 0.182649 0.060309 -0.023369 0.038571 0.033093 0.118968 0.037277 -0.065733 -0.017286 -0.196347 -0.039092 0.109279 -0.246793 -0.000253 0.206444 0.065783 0.051653 0.142473 -0.034075 0.102509 -0.108481 0.104797 0.085603 -0.145006 -0.051857 -0.008533 0.041353 -0.026588 0.136722 -0.080476 -0.229789 -0.034445 0.049700 0.060623 0.164008 0.069388 -0.137712 0.136574 -0.026133 0.173573 0.028803 0.140264 -0.230859 -0.109853 0.047915 0.139914 0.180316 -0.076604 -0.029309 -0.009861 -0.048818 0.014070 -0.057552 0.019438 0.223033 0.139529 -0.118193 0.029053 -0.022740 -0.029409 0.125782 0.132890 0.013223 -0.073779 0.154363 -0.037833 0.026582 0.015871 0.118629 0.020064 0.056243 0.029971 0.081691 0.042818 0.205207 0.117378 -0.063231 -0.133505 0.077754 -0.032089 0.149134 0.121797 -0.010117 0.177733 -0.061252 0.104283 0.062288 0.109978 -0.081138 -0.262699 -0.025061 0.108304 0.068842 0.003169 -0.186922 0.016595 -0.119695 -0.077858 -0.012492 0.090576 -0.059162 -0.018163 -0.086141 -0.007198
0.297795 0.152816 0.060327 0.056272 0.148072 0.092421 0.100613 0.000000 -0.179263 -0.113440 0.117848 0.113290 0.075295 0.099489 0.264411 -0.101116 0.083677 0.194420 0.138808 0.241239 0.134864 0.195777 0.191213 0.009666 0.121376 0.153721 -0.087295 0.105367 0.225105 -0.004192 -0.079992 -0.065351 0.180602 0.005560 0.093309 -0.178764 0.037382 0.116349 -0.063068 0.302821 -0.107679 0.089045 -0.113778 0.229879 0.169620 0.053127 0.315894 0.068837 -0.101009 -0.102210 0.033215 0.010851 0.186618 0.312273 0.260020 0.184502 0.012767 0.061702 0.206417 -0.082445 0.127859 0.004532 -0.025881 0.010839 0.147516 0.269884 0.212475 -0.016131 0.231420 0.214322 0.078187 -0.003668 0.217616 0.256740 0.101505 0.080378 -0.137190 -0.016697 0.060031 -0.180080 0.105537 0.051090 0.182674 0.226474 0.127987 0.057070 -0.120510 0.197089 0.175077 -0.213168 0.103452 0.144276 -0.058940 0.258337 0.036267 -0.236538 0.020063 0.189786 -0.050598 -0.042117 0.011804 0.206468 -0.151019 0.135218 0.206842 0.100831 0.167135 0.214303 0.002440 0.075951 0.263707 0.098575 0.130271 -0.111773 0.084351 0.008140 0.164771 -0.195666 0.192267 -0.195262 -0.012249 0.045890 -0.024692 0.029741 0.202487 -0.073580 0.050341 -0.036321 0.015549 0.197272 0.240988 -0.067631 0.090298 0.030148 0.241998 -0.118475 0.129962 0.167698 0.082039 -0.135917 0.193340 0.303003 0.079333 0.160598 -0.126561 0.179090 0.130251 0.154406 0.232736 0.251689 0.111746 0.055472 -0.021226 0.190880 -0.018917 -0.039419 0.131979 0.201126 0.065694 0.054128 0.021553 -0.004089 0.036623 0.095322 0.122409 -0.081088 0.235268 0.100749 0.117644 -0.020146 -0.114713 0.014190 0.124184 -0.009474 0.151145 -0.007575 0.164915 0.272727 0.157015 -0.105109 -0.126532 -0.084750 0.190576 0.273173 0.119095 0.045992 0.229408 -0.161128 0.058650 0.075287 0.111817 -0.144526 0.097792 -0.041181 0.004800 0.255075 0.157966 -0.009158 0.064020 0.128786
0.046785 0.041238 -0.062594 -0.191983 -0.066161 0.008985 0.094993 -0.179263 0.000000 -0.004075 -0.047983 0.064762 0.004345 -0.009610 0.075769 -0.115502 -0.014762 -0.040580 0.000243 -0.095118 -0.048067 -0.068083 0.104524 -0.092005 0.039805 -0.007468 0.097973 -0.208783 0.069381 0.065980 -0.176881 0.055075 0.039938 0.035214 0.005594 0.019817 -0.026268 0.136964 0.051303 0.090576 0.055299 -0.044069 0.018814 0.168826 0.004322 -0.010339 -0.013836 -0.115545 0.035369 -0.093524 -0.047767 0.046542 -0.117971 0.108627 0.037198 0.106763 -0.061686 -0.095973 -0.075332 -0.171703 0.133580 -0.038032 0.030622 -0.043252 0.029855 -0.014437 -0.156005 -0.083224 -0.030661 0.088913 -0.044401 -0.047769 -0.064769 0.001119 0.060509 -0.072012 0.046000 -0.106421 -0.078765 0.017947 -0.025668 -0.011570 -0.226786 -0.009710 0.003154 0.150216 -0.035456 0.054026 0.097010 -0.093419 -0.074274 -0.095090 -0.042702 0.117872 0.017168 -0.209618 -0.079503 0.050006 -0.019121 0.069168 0.006625 0.176891 0.009867 0.009870 -0.035226 0.104332 -0.003895 0.118490 -0.102740 -0.131581 0.078495 -0.113747 0.022496 -0.037728 0.036972 -0.070734 -0.043662 0.099759 -0.084132 -0.027005 -0.082741 0.058545 -0.160885 -0.012633 0.223607 -0.035360 0.053319 -0.168333 -0.103549 0.090625 0.087380 -0.042082 -0.041821 -0.040132 0.035643 -0.077991 -0.179705 0.038225 -0.089302 -0.015434 0.031377 0.176071 -0.087414 -0.104404 0.018609 -0.121766 0.026897 0.091219 0.042046 0.001670 0.124447 -0.121467 -0.170379 -0.006462 -0.095933 -0.062076 0.012961 0.230666 0.132083 -0.020300 0.006266 0.008154 0.094712 0.024563 0.063489 -0.004696 0.117876 0.033690 -0.001864 -0.009674 -0.065111 -0.081588 0.038032 0.007081 0.200020 -0.127855 0.043438 -0.104548 -0.081298 -0.054154 -0.141246 -0.088162 0.069904 -0.097755 -0.075886 0.007224 0.114055 -0.211298 -0.056612 0.198007 0.081127 0.128386 0.000773 0.078867 0.112354 0.029698 0.055455 -0.046982 0.014711 -0.040432
0.108137 0.077836 0.016207 -0.078898 -0.031555 -0.062950 -0.008868 -0.113440 -0.004075 0.000000 -0.053671 0.005162 0.062493 0.106113 0.139758 0.019608 -0.000399 0.130496 0.094549 -0.007170 -0.076661 -0.004881 -0.070997 0.031735 0.023733 0.018737 0.170944 -0.054380 0.074731 -0.140009 -0.231619 0.134794 0.128898 0.030130 0.030340 0.026640 0.076151 0.049774 0.001712 0.088411 -0.150281 0.070097 0.030717 0.189652 0.131193 0.055541 0.051222 0.078772 0.108963 -0.074904 -0.039571 0.045633 -0.028326 0.171486 0.091796 0.010073 0.147348 -0.020019 0.021792 -0.127381 0.015078 0.076436 0.122194 0.003285 -0.105383 0.100758 0.068114 -0.064454 0.024962 0.098925 0.136005 -0.056655 -0.061355 0.094150 0.030882 -0.096910 0.075480 0.056595 -0.024449 -0.082277 -0.029106 -0.025854 0.018905 0.111566 0.021114 0.067440 -0.015501 0.084935 0.088308 -0.024825 0.031688 0.144811 -0.135587 0.215837 -0.033705 -0.203895 0.005832 0.089268 0.002914 -0.018741 0.062180 0.107660 -0.127250 -0.019318 0.083710 0.008557 0.016478 0.205889 -0.095448 0.139785 0.098512 0.073251 0.018584 0.003221 -0.008056 0.018692 0.006038 0.058323 -0.015421 0.009791 0.029712 0.109846 -0.067064 0.191981 0.144709 0.029139 -0.005623 -0.039515 -0.058056 0.075310 0.146404 -0.018843 -0.055030 -0.037480 0.160013 -0.077204 0.029158 0.036290 -0.067542 -0.027140 0.034289 0.189073 0.034448 -0.025138 0.126068 0.032404 0.052607 0.154581 0.032028 0.140417 0.087620 0.020794 0.021291 0.024772 0.080229 -0.122871 0.040727 0.244919 0.087175 -0.033027 0.005922 0.005766 0.068143 0.035965 0.102631 0.027151 0.171897 0.047981 -0.028421 -0.023171 -0.006882 0.028206 -0.050294 -0.017220 0.158830 0.101608 0.046997 0.067570 0.023539 -0.100357 0.056535 -0.095944 0.070325 0.042324 0.098370 -0.017765 0.036923 -0.234941 -0.007686 0.135790 0.034973 0.124124 0.036750 0.002952 0.160823 0.033566 -0.007538 0.066049 0.189822 0.136587
-0.104413 -0.006031 -0.177814 -0.230568 -0.156193 0.016155 -0.109109 0.117848 -0.047983 -0.053671 0.000000 0.055475 0.062608 -0.031743 -0.080336 -0.287808 0.030711 -0.186963 -0.192492 -0.024282 -0.007610 -0.079850 -0.090895 -0.081560 -0.042793 -0.151401 -0.071075 0.106366 0.024645 -0.102442 0.111197 -0.201541 -0.071669 -0.247751 -0.094648 -0.052360 -0.294262 -0.041596 -0.173369 0.038343 -0.099201 -0.042306 -0.148744 0.014353 -0.109497 -0.111938 0.079847 -0.275239 -0.104460 0.022234 -0.111520 0.097556 0.012874 0.011266 0.071866 -0.125669 -0.072069 -0.210047 -0.018688 0.105707 -0.120812 -0.207697 -0.200569 -0.034341 -0.017343 -0.091048 -0.073548 -0.280989 -0.025834 -0.129987 -0.107662 -0.013497 -0.046973 0.020686 0.022962 0.098237 -0.282792 -0.212659 -0.008612 -0.170152 -0.069282 -0.089300 -0.152693 0.045408 -0.069718 -0.014066 -0.129941 -0.097251 -0.089770 0.069245 -0.150540 -0.048491 0.163554 0.263339 -0.032035 0.120979 -0.078235 -0.070887 -0.368222 -0.210243 0.076631 -0.046420 -0.103512 -0.242879 -0.223354 -0.036995 0.073419 0.042844 -0.175956 -0.185943 0.041165 -0.016504 0.014844 -0.119180 0.018776 0.169186 -0.301342 -0.064732 -0.081806 -0.171947 -0.162240 -0.306538 0.033438 -0.054582 0.027919 -0.235137 -0.023575 -0.027623 -0.175840 -0.066854 0.002699 -0.038759 0.045070 0.109955 0.085672 -0.116137 -0.104103 -0.113690 -0.169409 -0.204298 -0.264016 0.066595 -0.146266 -0.183217 -0.062312 -0.110879 -0.077882 0.013303 0.076262 -0.211546 -0.180914 -0.088506 -0.302217 0.015733 -0.181082 -0.040910 0.037911 -0.113507 -0.252662 -0.165221 0.028860 -0.126114 -0.080212 -0.128564 -0.276060 -0.035808 -0.009968 -0.094472 0.004624 -0.127949 0.222638 -0.111066 0.152762 -0.105126 -0.185027 0.093976 -0.132544 -0.071671 -0.197955 0.158018 -0.207624 0.105054 0.104588 -0.185446 -0.082461 0.012740 0.150131 0.065530 -0.088834 -0.153735 -0.106048 -0.106181 -0.020413 -0.143908 -0.221936 0.035240 -0.024975 -0.042453 -0.201902 -0.057503
0.131776 0.050703 -0.121110 -0.000602 0.092092 0.081584 -0.068823 0.113290 0.064762 0.005162 0.055475 0.000000 0.133399 0.067837 -0.069458 -0.047642 -0.043991 -0.031929 -0.066161 -0.036044 0.057777 0.122775 -0.061096 0.091539 -0.028461 -0.006989 -0.022475 0.005216 0.077460 0.022377 0.017966 -0.128362 0.080819 0.016910 0.079788 0.040173 0.001341 0.140283 -0.132300 0.229181 -0.057608 -0.066702 -0.085720 0.147387 0.014798 -0.029309 -0.052370 -0.049499 -0.095941 -0.092301 -0.164827 0.101720 -0.066455 0.105530 0.216903 0.089760 -0.102499 -0.093421 0.129372 0.037402 0.008798 -0.106848 -0.037062 -0.028183 0.015363 0.137292 0.087696 -0.118247 0.137431 -0.017517 -0.119165 -0.016215 0.067164 0.076600 -0.184897 0.109080 -0.075107 -0.089261 0.156253 -0.071038 -0.052195 0.125308 -0.038552 -0.015402 0.011897 0.034575 -0.128451 0.177312 0.035290 0.074250 0.023391 -0.039442 -0.036157 0.209594 0.024850 0.019909 -0.069977 0.057352 -0.100566 -0.066486 0.041818 0.033773 -0.006551 -0.063835 0.000702 0.077615 0.042650 0.196702 -0.071018 -0.108345 0.126578 0.026485 0.079986 -0.049907 0.061534 0.182267 0.026091 0.004537 0.115899 -0.131395 0.024831 -0.103477 0.106237 -0.048175 0.197653 -0.001783 0.000153 0.067320 -0.050372 -0.206641 0.154738 0.019190 0.111393 0.040193 -0.031969 -0.009375 0.065142 0.072917 -0.106259 -0.200872 -0.097521 0.134729 0.075326 0.134599 -0.130185 0.049096 0.084764 -0.024993 0.150088 0.096171 -0.077578 0.060446 -0.089014 0.134667 -0.211543 -0.085714 -0.000661 0.130074 0.070313 -0.065835 0.208603 -0.067080 0.012137 -0.016133 -0.019247 -0.134552 0.035551 0.052875 -0.116659 -0.080180 0.055501 -0.028739 -0.009471 -0.098557 0.061026 0.115210 0.072687 -0.043605 -0.078359 -0.018832 -0.115762 0.008207 -0.171496 0.021676 0.060613 -0.008762 0.102012 -0.050793 -0.016563 -0.066957 0.091762 0.007437 -0.051575 -0.082206 0.053653 -0.071689 0.060078 -0.015395 -0.090132 0.042730
0.229681 0.084479 0.079016 0.152820 0.194345 -0.000111 0.190086 0.075295 0.004345 0.062493 0.062608 0.133399 0.000000 0.015936 0.170893 0.139389 0.083651 0.160541 0.169315 0.140143 -0.015748 0.174450 0.179692 0.111144 0.052881 0.167014 0.066892 0.087609 0.078521 0.085938 0.015549 0.047888 0.114185 0.144345 0.160939 0.023191 0.143002 0.049811 -0.047834 0.063342 0.097606 -0.045908 0.048106 0.297003 0.240445 -0.023431 0.169593 0.111996 -0.013142 -0.086669 -0.013526 0.134584 -0.003853 0.283161 0.074829 0.163500 0.007003 0.137221 0.179923 -0.008618 0.057189 0.198548 0.176935 0.021494 0.119112 0.140745 0.166826 -0.032836 0.143603 0.291405 -0.016461 0.004927 0.145601 0.140192 -0.002533 -0.083375 -0.020236 0.035368 0.183534 -0.112128 0.026602 0.102797 0.076419 0.252146 0.110740 0.047154 0.020724 0.247689 0.299364 0.085648 0.152435 0.155457 0.094960 0.249621 -0.002420 -0.012671 0.160951 0.229726 0.094393 0.164709 0.053264 0.194259 0.041070 0.208879 0.246374 0.045695 0.087604 0.268377 0.072172 0.005744 0.075379 0.100997 0.088280 0.153081 0.098428 0.107652 0.176760 0.125098 0.135801 -0.027701 0.160282 0.216847 0.013255 -0.028440 0.085640 0.044445 -0.024951 0.002603 0.085611 0.109113 0.243665 0.138321 0.009708 0.087990 0.132556 -0.000223 0.114376 0.235112 -0.025237 -0.014344 0.263987 0.273688 0.138411 0.067333 0.088703 0.118384 0.038475 0.114218 -0.042019 0.194188 0.175096 0.193276 -0.006678 0.146613 0.048980 0.097170 0.086728 0.281733 0.186101 0.052453 -0.052008 0.016393 0.073500 0.074977 0.163659 0.044482 0.045345 0.002459 0.055085 0.092521 0.120762 0.196914 -0.086583 0.052429 0.238550 0.022012 0.238251 0.194908 0.191410 -0.016216 -0.028619 -0.187750 0.116293 0.218390 0.078000 -0.024479 0.078359 -0.077751 0.190887 0.058839 0.145888 0.014334 0.071461 0.022394 0.150875 0.131250 0.121911 0.107915 0.073809 0.129175
-0.133067 0.040467 -0.254518 -0.040375 0.034285 -0.063179 -0.278002 0.099489 -0.009610 0.106113 -0.031743 0.067837 0.015936 0.000000 0.054238 -0.197102 -0.097355 0.000906 -0.202005 0.076761 0.026523 0.027877 0.062558 -0.029495 0.010222 -0.126819 -0.011104 0.118439 -0.027834 0.015338 0.048773 -0.137662 -0.041002 -0.320032 0.014421 0.015838 -0.154267 -0.082387 -0.193576 0.110718 -0.051998 -0.018507 -0.109446 0.031888 0.078793 -0.238726 0.097675 -0.174890 -0.224519 0.005529 0.065197 0.159990 0.049945 0.075193 0.144962 0.006866 -0.052046 -0.126472 0.023839 0.065114 -0.172312 -0.138338 -0.048000 -0.059798 -0.074254 -0.054246 0.079558 -0.259234 -0.219482 -0.140330 -0.032410 0.016651 -0.331265 0.044823 0.083447 0.003888 -0.150711 0.003405 -0.004690 -0.105772 -0.097450 -0.071983 0.056056 0.092452 0.050256 0.120480 -0.081071 -0.001910 -0.038321 0.100699 0.049439 0.076297 -0.005372 0.277164 -0.126569 0.116167 -0.020496 -0.007535 -0.260457 -0.165112 0.111965 -0.099717 -0.043091 -0.075210 -0.162961 -0.102986 0.111696 0.084194 -0.165213 -0.039695 0.027306 0.061258 0.097926 -0.139533 -0.197727 0.170833 -0.244210 -0.018495 0.033412 -0.085410 -0.039326 -0.055125 0.019426 0.019228 0.088162 -0.062407 -0.127470 0.017170 0.001558 0.062600 0.130743 -0.023551 -0.097521 0.097137 0.131824 -0.107899 0.099799 -0.028033 0.008759 -0.080920 -0.110275 0.195504 -0.092178 -0.162841 0.022387 0.078258 -0.065779 0.032139 -0.077692 -0.071045 -0.177616 0.011978 -0.026622 -0.030249 -0.025837 -0.125351 -0.060741 0.031511 -0.193119 0.004050 -0.011838 0.026261 -0.083827 -0.253709 -0.138281 -0.176467 0.073497 0.093930 -0.025476 -0.085683 0.181109 0.000624 0.037312 -0.173744 -0.097312 0.102812 -0.042468 0.006610 -0.154366 0.010160 -0.093419 0.026957 0.125671 0.007414 0.108686 -0.138613 0.026489 -0.021102 -0.003502 -0.016468 -0.174479 0.007537 0.062523 -0.089885 -0.170055 0.041535 -0.131507 -0.044417 -0.048833 -0.015874
0.204788 -0.004477 -0.010584 -0.055345 -0.130097 0.094279 0.044616 0.264411 0.075769 0.139758 -0.080336 -0.069458 0.170893 0.054238 0.000000 0.018884 0.081681 -0.101357 0.010495 -0.065246 -0.045997 -0.154265 -0.067115 -0.011359 -0.093705 0.073718 0.113748 0.022588 0.039320 -0.028640 0.063334 -0.016349 0.080328 -0.012896 0.006729 0.154203 -0.013075 0.041536 -0.087606 0.033360 0.007101 -0.086269 -0.054388 0.246601 -0.118039 -0.032485 -0.028456 0.076792 0.011558 0.076087 -0.206310 0.144274 -0.048225 0.143662 0.165756 0.059623 -0.034225 -0.063694 0.009856 0.112674 -0.010823 0.041252 0.165789 0.083017 -0.007279 -0.019587 -0.019055 -0.143738 0.151997 -0.013591 0.031205 0.060514 0.144024 -0.044658 -0.205838 0.175971 -0.071060 -0.059933 0.179372 -0.153733 0.012100 0.010155 0.015276 -0.080655 0.032385 -0.024488 0.001032 0.112488 0.121847 0.057541 -0.036772 0.246935 0.141618 0.174827 -0.034104 0.045081 0.032279 0.144834 0.013188 0.016744 0.019692 0.044903 0.025162 -0.069987 0.031404 -0.022583 0.009567 0.234786 -0.055230 0.074555 0.071212 0.047849 -0.054565 0.081723 0.059579 0.230364 -0.053814 0.082501 -0.051866 -0.087358 -0.028612 0.070673 0.193744 0.032972 0.066304 0.023315 -0.010474 0.076207 -0.093348 -0.184294 0.191518 0.091648 -0.052687 0.068493 -0.050920 0.030729 -0.036809 0.086189 -0.195724 -0.063007 -0.123689 0.136950 0.073839 -0.103449 0.106645 -0.035218 0.025543 0.036581 0.050847 0.006024 -0.063134 0.058555 -0.135900 0.216509 0.092768 0.171477 0.152756 0.255910 0.148691 -0.326429 0.056083 -0.093985 0.001102 -0.000339 -0.119858 -0.071339 -0.059152 -0.005399 -0.078966 0.025606 0.291475 0.078710 -0.041286 0.027143 0.089149 0.160051 0.088656 -0.000553 -0.031043 0.144440 -0.066697 0.000150 -0.078268 -0.116358 -0.039076 0.012797 -0.062906 0.060284 0.172015 -0.022842 0.006241 0.005387 -0.074613 -0.044889 0.143615 0.000202 0.063332 0.250091 0.037412 -0.078567
-0.067583 -0.177562 -0.286832 -0.177225 -0.104700 -0.123624 0.096987 -0.101116 -0.115502 0.019608 -0.287808 -0.047642 0.139389 -0.197102 0.018884 0.000000 -0.082399 -0.159404 -0.264807 0.108129 -0.109175 -0.159983 -0.050758 -0.134355 0.006701 -0.127856 -0.005595 -0.116659 -0.101750 -0.083047 0.013537 -0.137511 0.056716 -0.096407 -0.122604 -0.049785 -0.219941 0.072962 -0.239924 -0.043619 -0.134760 -0.072706 -0.161391 0.042522 -0.057102 -0.234654 0.043451 -0.162718 -0.203764 0.234600 -0.256645 0.019562 0.038105 -0.098407 0.089857 0.112472 -0.133948 -0.338517 0.054518 -0.130442 0.002327 -0.213544 -0.279495 0.150422 -0.065730 -0.097869 -0.092455 -0.223461 0.085645 -0.121742 -0.084789 -0.216676 -0.049044 0.003908 -0.111256 -0.106549 -0.323821 -0.188827 -0.083801 -0.135669 -0.189481 -0.206936 -0.005077 0.113671 -0.202428 -0.127377 -0.045585 -0.166308 -0.132215 0.054522 -0.267266 -0.092062 0.113993 0.287851 -0.094478 -0.059115 -0.287999 -0.016674 -0.320215 -0.278856 -0.171694 -0.018391 -0.195823 -0.265617 -0.170665 -0.174255 -0.127800 0.036775 -0.235059 -0.115385 -0.026560 -0.008384 -0.061052 -0.087520 -0.044155 0.056664 -0.140367 -0.068662 0.010214 -0.283701 -0.178823 -0.195488 -0.087366 0.027013 0.110343 -0.082974 -0.170495 -0.026673 -0.034405 -0.093387 0.064444 -0.072943 -0.261371 0.029313 0.160151 0.121631 -0.046461 -0.145875 -0.230851 -0.265011 -0.142839 0.024258 -0.112011 -0.032951 -0.049908 -0.164100 -0.118629 -0.022810 -0.065232 -0.258318 0.008936 -0.101090 -0.231493 -0.032468 -0.103336 0.218881 -0.008979 -0.110037 -0.318720 -0.199367 0.024131 -0.162373 -0.010631 -0.111326 -0.072387 -0.315639 -0.018078 -0.024687 -0.071868 -0.155317 0.230586 -0.238921 -0.093572 -0.265065 -0.160368 0.021153 -0.139521 -0.079527 -0.251082 0.055478 -0.173655 0.070444 -0.043066 0.052772 -0.120199 -0.185099 0.022010 0.045782 -0.293140 -0.081363 -0.135068 -0.174296 -0.137119 -0.136056 -0.287398 0.137400 0.005212 -0.021040 -0.032320 -0.089691
-0.000736 0.104155 -0.137221 0.022182 0.044725 0.109949 0.121088 0.083677 -0.014762 -0.000399 0.030711 -0.043991 0.083651 -0.097355 0.081681 -0.082399 0.000000 0.143498 -0.089286 0.077335 0.018453 0.052541 0.050550 -0.038490 -0.039165 -0.041408 0.094438 0.125852 0.130558 0.059574 -0.099848 -0.010199 0.028724 -0.201795 0.035841 0.029552 0.006928 -0.053604 -0.190201 0.173411 -0.080975 -0.025544 0.038127 0.077120 0.203767 -0.033547 0.132624 -0.010852 0.007759 0.076424 0.001703 0.187302 0.020903 -0.010440 0.140987 0.175827 -0.032460 0.026924 0.078717 0.097275 -0.084124 -0.026085 -0.048841 -0.078835 0.044976 -0.141601 0.073692 -0.133051 -0.077076 -0.034966 -0.026909 0.022734 0.055992 0.135668 0.088102 0.145344 -0.071606 0.044892 0.039353 -0.082361 -0.116354 0.013231 0.044805 0.237554 -0.111704 0.158866 -0.006896 0.015621 0.034723 0.044850 0.084718 0.131259 0.051003 0.401416 -0.056444 0.051511 0.028304 0.064024 -0.044036 -0.146840 0.176708 -0.062087 -0.059069 0.010824 -0.039640 -0.115340 0.090179 0.081434 -0.179063 0.056600 0.018666 0.132004 -0.051025 -0.151385 0.010998 0.137085 -0.018645 -0.032618 -0.013654 -0.034820 -0.034975 0.040985 0.035703 -0.077657 0.111054 0.016388 -0.157226 -0.081028 0.025048 0.077608 -0.056016 -0.122680 -0.021474 0.132836 0.157320 -0.073532 0.075127 0.067997 -0.021677 -0.045125 0.049235 0.025451 -0.021256 -0.157961 0.068957 -0.004486 -0.073074 0.124389 -0.099139 0.013238 -0.110700 0.023354 -0.071608 0.016686 0.079223 -0.018742 -0.007474 0.046974 -0.088493 0.061552 0.043473 0.038603 -0.051829 -0.262509 -0.017509 -0.130235 0.099075 0.100102 -0.034707 -0.220377 0.208059 0.017118 0.084887 -0.073872 0.010101 0.001277 0.053858 0.133222 -0.027927 0.054948 0.002905 -0.004386 0.012986 0.111390 -0.038657 -0.128980 0.157321 -0.012394 0.010117 -0.017565 -0.099680 0.014825 0.111947 -0.049040 -0.048226 0.015526 0.110728 0.009023 -0.027324 -0.048249
-0.040507 -0.029841 -0.080493 -0.180943 -0.050861 0.066222 0.034110 0.194420 -0.040580 0.130496 -0.186963 -0.031929 0.160541 0.000906 -0.101357 -0.159404 0.143498 0.000000 -0.048356 -0.009588 -0.072533 -0.035039 -0.014234 -0.067589 -0.060757 -0.037604 0.051273 -0.081561 0.095958 -0.137796 -0.036377 0.018784 0.032843 0.053722 -0.091910 0.070256 -0.058055 0.115253 -0.124888 0.044102 -0.032320 -0.011810 -0.004548 0.016648 0.045578 0.040492 0.010896 -0.018652 -0.064420 0.114958 -0.171653 0.106887 0.085654 0.094334 0.134285 0.072447 -0.016305 -0.132483 -0.040839 0.041262 0.062146 0.010824 -0.037871 0.094580 -0.064940 -0.123082 -0.042766 -0.135183 0.080735 0.000508 -0.061065 -0.040110 0.085196 0.003698 -0.037692 0.088293 -0.205347 -0.094651 0.078492 -0.066025 -0.016103 0.039652 -0.048351 -0.022907 -0.104937 -0.053437 0.038004 0.076444 0.053697 0.114575 -0.044859 0.149229 0.070389 0.358533 0.142652 0.086704 0.013335 0.046471 -0.135781 -0.078885 0.092222 -0.076650 0.001170 -0.005637 -0.051066 0.080869 -0.060192 0.135836 0.013601 0.053098 0.098717 0.089860 0.065121 0.082890 0.150041 0.127841 -0.153711 -0.044555 -0.104569 -0.102287 -0.092429 -0.036637 0.128512 -0.025935 0.075215 -0.102575 0.135991 -0.034229 -0.076323 -0.111809 0.059811 0.128983 0.001257 0.075881 0.007127 0.059684 -0.064025 -0.011515 -0.033104 -0.125446 -0.128678 0.080579 -0.089281 -0.144879 0.092036 -0.180914 0.033581 0.119253 0.108515 -0.121826 -0.025343 -0.081707 -0.149924 0.047042 0.058612 0.069275 0.091593 0.008015 -0.069851 -0.122478 0.174743 -0.097223 0.080518 0.033809 -0.054358 0.055332 -0.006113 0.014591 -0.048455 -0.030184 0.152006 0.024180 0.086909 0.065740 -0.058058 0.106476 -0.050242 -0.043209 -0.055054 0.061299 -0.041941 0.109698 0.011490 -0.090229 -0.137629 0.016363 0.137413 -0.073011 0.034812 -0.159704 0.116849 -0.032253 0.020287 -0.084561 -0.032900 0.047935 0.058691 0.102377 -0.047017 -0.089690
-0.145313 -0.176092 -0.071106 -0.040462 0.045441 -0.048423 -0.126822 0.138808 0.000243 0.094549 -0.192492 -0.066161 0.169315 -0.202005 0.010495 -0.264807 -0.089286 -0.048356 0.000000 0.130875 -0.043213 -0.006930 -0.058674 -0.098307 -0.057374 -0.083580 -0.033578 0.101515 -0.150704 -0.035348 0.145643 -0.076266 -0.194241 -0.236042 -0.004165 -0.023582 -0.118452 -0.163519 -0.213749 0.017642 -0.046443 -0.108698 -0.176872 -0.209356 0.004791 -0.150958 0.100468 -0.130350 -0.014111 0.009714 -0.040361 0.123307 -0.001692 0.036491 0.025429 -0.132187 -0.010651 -0.093890 0.100443 0.063670 -0.142464 -0.042267 -0.083080 0.049783 -0.034281 -0.133172 0.124397 -0.156211 -0.194009 -0.142559 -0.046981 0.105595 -0.129121 -0.069328 -0.019639 -0.023895 -0.150804 -0.084405 -0.022840 -0.122287 -0.082884 -0.182209 0.013224 0.087054 0.034008 0.101596 -0.002359 -0.124336 -0.073549 0.054835 -0.078917 0.088833 0.106666 0.218525 0.005885 0.022569 0.027359 -0.106411 -0.161863 -0.148999 -0.000913 -0.044656 -0.113557 -0.014179 -0.229262 -0.049562 -0.161294 -0.097148 -0.103325 -0.009331 -0.013582 0.117135 -0.024964 -0.183558 -0.173554 -0.006705 -0.181883 -0.025703 0.055420 -0.078954 -0.097965 -0.069110 0.039431 -0.058754 -0.012495 -0.104106 0.068224 -0.074753 -0.055932 0.017629 -0.013857 0.100944 -0.016175 0.133924 0.087064 -0.027864 0.038693 -0.051917 0.018912 -0.074132 -0.113878 0.026540 -0.183870 -0.150316 -0.040831 -0.012607 -0.137978 -0.043118 0.031444 -0.135877 -0.167848 -0.035286 -0.099070 -0.026424 -0.031943 -0.078378 -0.076380 -0.052198 -0.163363 -0.116810 0.117121 0.046749 0.000117 -0.147655 -0.165929 -0.001689 -0.029444 -0.035522 -0.014054 -0.045668 0.010676 -0.106121 0.134653 0.036844 -0.105541 0.089423 -0.015811 0.078587 -0.220218 -0.000311 -0.098059 0.107108 0.046232 -0.013136 -0.136326 -0.057209 0.107491 0.032606 -0.106537 0.047718 -0.072709 -0.010663 -0.064222 0.070001 -0.243530 0.022616 0.019726 -0.016533 -0.032125 -0.126002
0.148015 0.094412 0.083025 -0.062203 -0.046920 0.037553 0.087198 0.241239 -0.095118 -0.007170 -0.024282 -0.036044 0.140143 0.076761 -0.065246 0.108129 0.077335 -0.009588 0.130875 0.000000 0.054927 -0.091631 -0.175628 0.186869 -0.119262 0.005327 0.171052 0.073361 -0.000411 -0.048230 0.123520 0.085043 0.025611 0.138202 0.174245 0.038222 -0.057702 0.010292 -0.134773 -0.050270 0.081439 -0.083242 0.078131 0.086852 0.064338 -0.020517 -0.054848 -0.041372 -0.088381 0.102588 -0.137750 0.113061 -0.091086 0.134116 0.061945 -0.113653 -0.046080 -0.042941 -0.084076 0.168505 -0.044871 0.058470 0.048646 0.058234 0.065217 0.171120 0.073193 -0.059174 0.206521 0.141968 -0.071385 0.019408 0.265383 -0.021539 -0.222239 0.093808 -0.174582 0.031176 0.161478 -0.138935 0.036785 0.036008 -0.230573 0.123415 0.017020 -0.017619 0.025821 0.148290 0.091000 0.214891 0.142607 0.025475 0.183069 0.193069 0.079647 0.168784 0.135213 0.190015 -0.083966 0.045867 0.092647 0.074516 0.077628 0.051149 0.026323 0.067500 0.002995 0.095975 0.075199 -0.073794 0.131273 -0.026146 -0.084241 0.155695 0.129643 0.196429 0.289928 0.010177 0.031103 -0.066932 0.239263 0.003229 0.195776 -0.048793 -0.030217 -0.131121 0.012061 0.112355 -0.083460 -0.144456 0.175487 0.137443 0.033659 0.208905 -0.084249 0.038217 -0.032594 -0.012729 -0.115086 -0.040529 0.180326 0.147355 0.081997 -0.000956 0.068540 0.062107 -0.000333 0.021412 0.042356 0.123954 0.061815 -0.039232 -0.110944 0.194252 -0.018557 0.118972 0.154608 0.072026 0.057593 -0.116328 0.202015 -0.017331 0.041220 0.103327 0.101871 0.016690 -0.163813 -0.073407 -0.097943 0.022106 0.284023 -0.008711 -0.077794 0.093903 0.035484 0.121949 -0.034876 -0.044889 -0.052995 0.192013 -0.050864 0.273867 -0.087508 -0.280868 0.151767 0.034853 0.079265 0.107342 0.039946 0.018730 0.058462 -0.094968 0.069900 0.080894 -0.046906 -0.047189 0.103244 0.082227 0.016123 0.202402
0.177706 0.113837 -0.097193 0.055486 0.076734 -0.073083 0.091447 0.134864 -0.048067 -0.076661 -0.007610 0.057777 -0.015748 0.026523 -0.045997 -0.109175 0.018453 -0.072533 -0.043213 0.054927 0.000000 0.081446 0.075256 0.107217 0.076744 -0.043211 -0.083044 0.064036 0.046161 0.047424 -0.010525 -0.113404 0.113332 -0.094052 -0.066266 -0.121620 -0.051321 0.186979 -0.110811 0.151395 -0.096468 -0.015019 -0.114013 -0.038240 -0.012720 -0.111733 0.047247 -0.117489 -0.195678 0.014772 -0.160114 0.040249 0.055941 0.013756 0.061727 0.037912 -0.220081 -0.115105 0.061261 -0.044352 0.038979 -0.048525 -0.129242 0.041772 -0.035117 0.043686 0.074099 -0.093401 0.165844 -0.092239 -0.187344 -0.018656 -0.075114 0.053563 0.076467 0.046646 -0.239830 -0.108310 -0.123070 -0.077472 -0.079364 -0.056449 0.014526 0.040980 -0.017974 -0.011229 -0.079608 -0.031951 -0.076374 0.067589 0.063399 0.020027 -0.016348 0.241132 0.044013 0.292104 0.016844 -0.015608 -0.176902 -0.091520 -0.058499 0.023047 -0.124611 0.032156 -0.098577 0.054838 0.048258 -0.020204 -0.027119 -0.176322 0.121210 -0.003453 0.019670 -0.180954 0.089389 0.079618 0.124495 -0.040380 0.076876 -0.200083 -0.008950 -0.024860 -0.119417 -0.121526 0.163269 -0.178508 0.036121 -0.028638 0.006332 -0.053707 0.092206 -0.119628 -0.074851 0.151725 0.039891 -0.082199 0.035126 -0.002016 0.089103 -0.188015 0.080366 0.025954 0.061285 0.104910 -0.142548 0.060127 -0.038529 -0.001570 0.039863 0.147091 0.038991 -0.094184 -0.148359 0.067074 -0.101936 -0.088752 0.095165 0.000168 -0.096829 -0.179926 0.006874 -0.082195 -0.077235 0.101106 0.060361 -0.119084 0.070924 0.026777 0.015968 -0.129077 0.058371 -0.066160 0.083214 -0.107177 -0.104129 0.014793 -0.018091 -0.016397 -0.101298 0.078051 -0.179368 0.046097 0.030392 0.096455 -0.036182 -0.068675 0.195035 0.144074 -0.025657 0.006483 0.039448 -0.153422 0.060620 0.004684 -0.223796 0.144960 -0.124754 -0.024541 -0.045871 0.084569
