0.000000 -0.013667 0.007550 0.043523 0.003677 -0.003134 -0.011156 0.017765 -0.007029 -0.016177 0.001530 -0.036511 -0.013693 -0.021651 -0.015543 -0.008422 0.001742 0.004896 0.010436 0.022114 0.014985 -0.013509 -0.011814 0.036905 0.005765 0.059935 -0.007494 0.028612 0.002406 -0.022556 0.041314 -0.018849 0.008898 -0.005631 0.034159 -0.030413 -0.019126 -0.029525 -0.016227 -0.001063 -0.014700 -0.019904 -0.005052 -0.009093 -0.003164 -0.013267 -0.005013 -0.004163 -0.041953 0.005481 -0.026744 0.002904 -0.001366 0.024504 -0.009838 -0.022910 0.020068 -0.025471 0.024921 0.026992 -0.033351 -0.006392 0.012300 0.009442 0.024860 0.032446 0.015343 -0.040656 0.021988 0.016603 0.030497 -0.018229 -0.041955 -0.000265 -0.017971 0.011896 -0.064846 -0.008904 0.010401 -0.055280 0.012483 -0.037337 0.013152 0.007571 0.059987 -0.011148 -0.009071 0.026815 -0.002737 0.013586 -0.015704 -0.011558 0.041166 0.022096 -0.039816 0.011082 0.035646 0.021070 -0.029930 0.055575 -0.017866 0.078186 -0.005909 0.005850 0.028985 -0.030305 0.002349 -0.000382 0.002970 0.006017 0.010639 0.007155 -0.008194 0.001510 -0.028360 0.032395 0.009274 -0.007584 0.029796 -0.048269 0.031918 -0.025843 0.032938 0.004711 -0.015503 -0.034564 -0.027222 0.043398 0.006310 -0.011899 0.066219 0.008291 -0.020648 0.008657 0.013379 -0.018048 0.027195 0.031817 -0.007245 -0.023462 0.000077 0.035691 0.068735 -0.002387 -0.019367 0.026397 -0.004107 -0.024505 -0.039638 0.014683 -0.006987 0.003911 -0.003997 0.019617 -0.013445 0.004879 0.032308 0.012479 0.023546 -0.037777 0.013083 -0.004808 -0.005101 -0.015017 0.022634 -0.014114 0.002632 -0.026330 -0.020519 0.080458 0.005693 0.039735 -0.007697 -0.026505 0.003436 -0.004489 0.046879 -0.008444 -0.001243 0.041141 -0.010375 0.009655 -0.031894 0.023771 0.023484 -0.044313 -0.016579 0.018513 0.053417 -0.014797 -0.032988 -0.046687 -0.036932 -0.032605 -0.043347 0.017958 -0.001919 -0.003467 -0.002635 0.017013
-0.013667 0.000000 -0.029041 0.021422 0.013563 0.011690 0.027139 -0.015961 0.007606 0.001923 0.017442 0.012292 -0.021208 0.046026 -0.030505 0.020887 0.053218 -0.021809 -0.021385 0.037124 0.055248 0.013008 0.022188 0.036035 -0.000094 0.007945 0.026950 0.046892 -0.011350 -0.006909 0.004825 0.059039 0.001713 0.008543 0.026986 -0.005742 -0.021248 0.017590 0.014176 0.016184 0.006013 0.020672 0.033291 -0.013151 -0.037922 -0.000457 -0.011254 -0.015246 0.052865 0.002158 0.031270 0.021048 0.033791 0.004585 -0.021661 0.030138 0.039705 -0.001963 0.004109 0.008967 0.024674 0.013313 0.055852 -0.007137 0.029732 0.064201 0.008341 -0.003979 0.065664 -0.010601 0.029080 0.045138 0.022357 0.065356 0.008204 0.011215 0.013010 0.041519 -0.036110 -0.001220 -0.023789 0.033289 -0.016400 0.020893 -0.034207 0.001096 0.026211 0.019335 -0.001566 0.009251 0.044179 -0.000801 -0.001829 0.036436 0.055834 0.025856 -0.022882 0.028472 0.035188 0.034839 0.007874 -0.021517 0.015097 0.080573 0.011328 -0.000482 0.045876 -0.003319 0.027459 0.019650 0.032485 0.012378 0.027375 -0.019251 0.005359 0.005453 0.013188 0.019851 0.008244 0.009839 0.033499 -0.003982 0.006417 0.010439 -0.017010 0.034340 0.023116 -0.004291 -0.008951 -0.043156 -0.021195 -0.026783 0.045309 0.021702 0.013229 -0.021459 0.012444 0.015245 0.052584 0.051861 0.060476 0.003942 0.012263 0.021672 0.009542 0.015317 -0.012438 -0.025577 0.063702 -0.015647 0.001366 0.029508 0.026485 0.015809 -0.007525 0.002992 0.018499 -0.011474 0.002196 -0.012927 0.004324 0.019413 -0.036269 0.012336 0.010554 0.005552 0.021653 -0.022342 0.045964 -0.032728 0.014500 0.016860 0.070452 -0.025698 -0.011049 0.008706 0.007002 0.008277 -0.004605 -0.005022 0.030440 0.017809 0.055177 -0.008935 0.043028 0.023407 0.040163 0.011748 0.001600 -0.010438 0.035365 -0.006431 0.013217 -0.030818 -0.006874 0.024253 0.014686 0.038790 -0.004032 0.025868
0.007550 -0.029041 0.000000 0.008690 0.023639 -0.039088 -0.033914 -0.002372 -0.015605 -0.013671 0.034383 -0.022856 -0.039238 0.022717 -0.027804 0.017929 0.015935 -0.010364 0.076540 0.016425 0.007468 0.014715 -0.017689 -0.008896 -0.028256 0.011902 0.017882 -0.004158 -0.029136 -0.013543 -0.018772 0.034804 -0.026114 0.016420 0.004872 -0.024233 0.010986 -0.027235 0.002780 -0.022729 0.000069 0.000471 0.027073 0.004838 -0.022853 -0.018357 -0.010574 -0.009950 0.040967 -0.006911 0.035235 0.021932 0.021229 -0.014685 -0.044675 -0.019341 0.016432 0.034599 -0.000050 -0.008092 -0.026139 0.036662 0.034384 -0.013183 -0.015154 0.001376 -0.006360 0.024552 0.020637 -0.010975 0.020743 0.058111 0.013945 0.015409 -0.014450 -0.010479 -0.001468 0.034367 -0.026367 -0.020752 -0.019883 0.008012 -0.012420 0.010693 -0.016389 0.008437 0.036286 -0.002725 -0.010638 -0.010388 0.025517 -0.005428 -0.024043 0.040864 0.004026 -0.005117 0.025282 0.014369 0.021814 0.041530 0.004120 -0.009720 -0.008345 0.046649 0.006508 -0.031558 0.022332 -0.002490 0.055007 0.012759 -0.018106 0.016502 0.008637 0.015661 -0.024742 -0.018950 0.044693 0.009493 -0.020657 -0.006864 0.009069 0.050360 -0.016454 0.008841 -0.057079 0.013317 -0.002719 -0.013415 0.017169 -0.015729 -0.007997 -0.016863 -0.017852 -0.018110 0.030000 -0.020966 0.003737 0.010890 0.051748 0.061962 0.031360 -0.003241 0.009092 -0.003404 0.008868 -0.005362 -0.009247 -0.010952 -0.002283 0.013399 0.003173 0.024106 0.023078 0.010006 -0.012711 -0.016787 0.002083 -0.012584 0.018345 0.010906 -0.025053 -0.000034 -0.032268 -0.001751 -0.028826 -0.000552 -0.025852 -0.055175 0.008115 -0.040190 -0.018981 0.026332 0.025439 0.003333 0.002243 0.004958 0.003151 -0.004770 -0.003796 -0.016873 0.026134 0.006900 0.011077 -0.011357 0.019332 -0.027399 0.001462 -0.005535 0.017044 -0.004106 0.008061 -0.015979 -0.003073 0.004624 -0.026756 -0.002215 -0.005506 0.029814 -0.000413 0.014049
0.043523 0.021422 0.008690 0.000000 -0.001844 0.006846 -0.007293 0.037803 -0.008943 -0.009092 0.002639 -0.012244 -0.018796 0.016925 -0.026249 0.035267 0.014667 -0.021812 -0.001635 0.021660 -0.002923 0.010163 0.023284 0.033084 0.019119 0.008126 0.032190 0.020726 0.002473 -0.037846 0.006619 0.019429 0.023466 0.012525 0.007479 -0.009323 -0.027381 -0.022738 -0.012550 -0.009321 -0.022851 0.022515 0.000309 0.019447 -0.013612 0.005670 -0.021567 -0.029826 -0.011779 0.008476 0.039357 -0.039367 -0.005852 0.028659 -0.002586 -0.009425 0.010430 0.003895 0.002011 0.011704 -0.034653 -0.005220 0.028390 0.007639 -0.006731 0.021287 0.036051 -0.016191 0.046671 0.027700 0.027677 0.010236 -0.015910 0.005587 -0.010844 0.008945 -0.046247 0.025129 0.027623 -0.042745 0.003250 -0.014388 0.008479 -0.004212 0.030254 -0.019810 0.025403 0.032503 0.005863 0.018230 -0.011440 0.025012 0.016707 0.022939 -0.031131 0.026472 0.008192 0.017609 -0.019533 0.034776 -0.005701 0.021078 -0.003571 0.011972 0.012515 -0.001449 0.047560 0.042062 0.027371 0.056761 -0.014479 0.003653 0.012057 -0.012252 0.000138 0.047867 0.037277 -0.003801 0.008960 -0.031821 0.025442 -0.006281 0.020181 0.035059 -0.002294 -0.040127 -0.014148 0.030138 0.023098 -0.027607 0.045131 -0.014630 -0.002092 0.016090 0.007384 -0.014269 0.034601 0.014529 0.015090 -0.011947 0.016253 0.031970 0.058419 0.023631 0.010165 0.017758 0.009924 -0.035383 -0.014716 0.041306 -0.008870 0.006214 0.029513 0.033361 -0.012080 0.002175 0.035048 0.013399 -0.011272 0.020936 -0.004281 -0.015643 -0.020341 0.001444 0.051792 -0.015977 -0.012013 -0.011557 0.019233 0.022781 0.020004 0.010473 -0.005948 -0.022101 -0.014676 -0.016979 -0.006963 0.013587 0.028061 0.018215 0.035567 -0.020781 -0.006646 0.019410 0.034274 -0.018228 -0.006981 0.007591 0.013688 -0.034200 -0.025890 -0.016945 -0.009478 -0.042367 -0.023720 0.023974 -0.016391 0.037289 -0.016202 0.026515
0.003677 0.013563 0.023639 -0.001844 0.000000 0.004562 -0.020647 -0.014586 0.005729 -0.004554 0.025654 -0.012917 -0.036311 0.042992 -0.015776 -0.009450 0.007992 -0.011644 0.003378 -0.002865 0.012078 0.083318 -0.026668 0.014831 -0.021491 0.006891 0.032697 0.018605 0.012619 -0.007687 -0.023995 0.089744 -0.016046 -0.021428 -0.003439 0.016194 -0.003490 -0.009399 -0.000175 0.024863 0.001300 -0.005180 0.053366 0.002607 -0.041737 0.027944 -0.014663 -0.023201 0.060562 -0.016555 0.070662 0.036878 0.005043 0.004375 -0.012789 -0.014030 0.021218 0.018624 -0.012374 -0.006986 -0.011057 0.023883 0.011283 -0.008905 0.006284 0.008533 -0.004547 0.013888 0.039034 -0.009286 0.007513 0.075767 -0.022745 0.009880 0.008471 0.001323 0.001245 0.071490 -0.027534 -0.015033 -0.019470 0.015592 -0.013810 0.014562 -0.007014 0.009495 0.052820 0.017066 -0.017333 -0.019569 0.075124 0.030796 -0.025242 0.040583 0.009029 0.005173 -0.008092 0.006532 -0.016786 0.018342 0.053830 -0.017521 0.011873 0.037419 0.003384 0.010069 0.017183 -0.002389 0.037033 0.016730 -0.003307 0.029127 0.022760 -0.035427 -0.021166 -0.005382 0.019913 -0.000051 -0.028611 0.038235 0.008518 0.010698 -0.011030 0.005236 -0.038146 0.013592 0.025851 -0.006910 0.027271 -0.005897 -0.009676 -0.033108 0.019130 -0.017729 0.022200 -0.045174 -0.008237 -0.003415 0.086785 0.088629 0.013605 -0.006403 0.012954 0.020484 0.027191 0.001652 -0.022492 -0.029278 0.001026 0.018687 -0.028961 0.027215 0.021116 0.003418 0.009797 -0.032819 -0.011276 -0.013583 -0.010369 0.006046 -0.022543 0.034132 -0.034689 -0.016308 -0.008830 0.023748 -0.016380 -0.016070 -0.028186 -0.025717 -0.016598 -0.008482 0.031512 0.029649 -0.020745 0.024856 -0.006735 -0.002658 0.012663 -0.015193 0.049532 -0.008057 -0.009242 -0.027759 0.031387 0.027680 0.013451 -0.008239 -0.010718 -0.003756 0.020939 -0.007052 0.057113 0.002245 -0.030849 -0.000109 -0.011171 0.046284 0.012533 0.023798
-0.003134 0.011690 -0.039088 0.006846 0.004562 0.000000 -0.013786 -0.000629 -0.003802 -0.025440 0.035252 -0.011543 -0.015568 0.048621 -0.058956 0.023936 0.049207 -0.051465 -0.048072 -0.008345 0.014823 -0.001990 0.010906 -0.002981 -0.002405 0.000938 0.007068 0.006361 -0.011469 -0.006490 -0.019414 0.029749 0.012877 0.017358 0.001609 -0.018516 -0.022136 -0.012529 0.020817 0.030660 -0.016090 0.004249 0.007809 -0.018607 -0.042568 -0.001357 -0.026407 -0.014053 0.044661 -0.038559 0.008652 0.016492 0.031414 -0.038383 -0.003961 -0.001716 0.011609 -0.010376 -0.002481 -0.028442 -0.014714 0.011367 0.028206 -0.028112 0.003665 -0.002879 -0.014428 0.014515 0.057901 -0.048096 0.027225 0.039465 0.024558 0.024841 0.003739 0.029701 -0.030067 0.018255 -0.017511 -0.039348 -0.084513 -0.011786 -0.002181 0.002877 -0.042045 0.005403 0.012514 0.010240 -0.047130 -0.004313 0.019908 -0.002139 -0.046440 0.024739 -0.053524 0.011419 -0.037096 0.012474 0.026797 0.041423 0.005935 -0.032260 0.001338 0.027789 -0.034742 -0.005864 0.052028 -0.013417 -0.006704 0.019659 -0.009703 0.025221 0.009137 -0.032726 -0.010438 -0.014256 0.041450 0.017762 -0.016221 -0.003174 0.002978 -0.009641 0.007239 0.016897 -0.015185 -0.009759 -0.022094 -0.021831 0.022703 -0.033868 -0.027683 -0.054598 0.028748 -0.001856 -0.008807 -0.053034 0.015286 -0.021420 0.009845 0.033858 0.021648 -0.021539 0.013876 0.022790 -0.014761 -0.006806 -0.062186 -0.050608 0.011868 -0.032755 0.001750 0.005591 0.024705 0.019497 -0.005767 -0.031370 0.027286 -0.015303 -0.014771 -0.026316 -0.016939 0.010645 -0.071487 0.027213 -0.006252 -0.016260 0.005756 0.014665 0.001968 -0.058386 -0.004415 -0.005031 -0.004489 -0.035672 -0.032983 -0.007343 -0.019872 0.009504 -0.037479 -0.022258 0.009949 -0.014229 -0.008861 -0.023083 0.002978 0.007581 0.018965 -0.017417 -0.007152 0.017280 -0.039679 -0.038348 0.023597 0.000594 -0.061311 -0.007590 -0.013417 0.016376 0.001730 -0.010023
-0.011156 0.027139 -0.033914 -0.007293 -0.020647 -0.013786 0.000000 -0.010314 0.025808 0.004471 -0.002371 0.001471 0.019042 0.053423 -0.025523 0.011656 0.072522 -0.016684 -0.046964 -0.009491 -0.002719 -0.008275 0.008499 -0.007704 0.018464 0.013400 -0.020872 -0.022185 -0.005375 -0.014451 -0.007030 0.009217 0.005745 0.021607 -0.003773 0.011755 -0.009417 0.021402 0.025670 0.021160 -0.010132 -0.005194 -0.004282 -0.018184 -0.018899 -0.028564 0.005309 0.000625 0.036747 0.020475 -0.013751 -0.014210 0.033206 -0.026407 0.035725 0.053681 -0.006986 -0.042454 0.011061 -0.015012 0.024791 0.002776 0.011832 0.000428 -0.017026 -0.006290 -0.002230 0.016959 0.041086 -0.037926 0.001781 0.002799 0.033592 0.003491 0.042173 -0.012830 -0.033437 -0.010379 -0.004740 -0.010885 -0.042726 -0.029558 -0.007077 0.012007 -0.017957 -0.028549 -0.005533 -0.013986 -0.041460 -0.016938 -0.014310 -0.004697 -0.051722 0.025763 -0.018231 -0.024474 -0.018658 0.005110 0.005725 0.039946 -0.007986 -0.017196 0.005381 -0.011512 -0.028859 -0.002285 0.040136 -0.011120 -0.027585 0.022688 -0.021979 -0.002135 0.010368 -0.028396 0.067774 -0.029459 0.001334 0.017372 0.003877 -0.010794 -0.013743 -0.013565 -0.005350 -0.009611 0.013337 -0.010679 -0.002172 -0.015532 -0.007008 -0.006834 -0.020468 -0.015722 0.003104 -0.012084 -0.000771 -0.005587 0.003722 -0.005735 0.002245 0.017807 -0.013898 -0.011437 0.014156 0.024444 -0.018955 -0.023890 -0.025580 -0.015070 0.007681 -0.017135 0.004172 0.007999 0.003383 -0.016237 -0.009763 -0.009922 -0.002987 -0.013671 -0.007787 -0.049829 0.032416 0.011206 -0.017248 0.062193 0.004473 -0.023905 0.038353 0.042206 -0.004310 -0.028809 -0.000242 0.004773 -0.004979 -0.031033 -0.028258 -0.011050 0.000664 0.032931 -0.031780 -0.024425 0.014682 0.023323 0.005282 -0.014339 -0.009037 -0.017074 0.048445 -0.020939 0.010347 0.009686 -0.030636 -0.018391 0.010061 -0.008300 -0.041147 -0.008086 0.001064 0.000481 0.001767 -0.026188
0.017765 -0.015961 -0.002372 0.037803 -0.014586 -0.000629 -0.010314 0.000000 -0.003344 -0.019552 0.021659 -0.031269 0.010811 -0.005378 -0.026971 0.025630 0.037438 -0.018608 0.004516 0.021811 0.029906 -0.011419 0.026006 0.024237 0.018584 0.009053 0.008008 0.032661 -0.005059 -0.004846 0.036475 -0.000104 0.005714 0.037132 0.012588 -0.014863 -0.027277 -0.009389 -0.006969 0.004967 0.003403 -0.004569 -0.003158 -0.005506 -0.011875 -0.022547 -0.011753 -0.020260 -0.001646 0.000012 0.009345 0.008083 -0.000019 0.002428 0.005375 -0.037520 0.023703 -0.025555 0.014978 0.026144 -0.018166 0.001585 0.043734 0.025578 0.029760 0.014070 0.028212 -0.003500 0.027496 0.011875 0.034786 0.019711 -0.024960 0.004082 -0.008518 0.016078 -0.045043 -0.008663 0.032058 -0.035379 -0.022829 -0.033337 0.003332 0.000758 0.011200 0.004119 -0.006068 0.023253 -0.014427 0.043519 -0.013997 -0.012584 0.034099 0.028458 -0.043942 0.074275 0.004813 0.037982 0.017241 0.031895 -0.009483 0.012305 0.009807 0.020276 -0.000108 -0.001252 0.033635 0.000524 -0.023465 0.006673 0.025987 -0.003060 -0.014539 -0.003973 0.000613 0.030709 0.011718 0.023937 0.016761 -0.036538 0.025189 -0.002715 0.047513 0.009643 0.019140 -0.024508 -0.019048 0.023176 0.029675 -0.030472 0.002651 -0.005581 -0.011646 0.029261 0.006594 -0.007388 0.019434 -0.009951 -0.007956 -0.011747 -0.008123 -0.005984 0.031765 0.013009 0.001995 0.022073 -0.022718 -0.018857 -0.001094 0.036999 0.028839 0.009106 0.021660 0.047635 -0.028626 0.007425 0.043938 0.006805 0.004236 -0.007001 0.003336 -0.000620 -0.014299 0.018630 0.010590 -0.010535 -0.006714 -0.000250 0.018661 0.015305 0.046647 0.013496 -0.024225 -0.040869 -0.019464 0.007990 -0.008088 0.003923 0.001416 0.042983 -0.016448 0.005510 -0.012729 0.019593 0.007066 -0.029948 -0.029126 0.031743 0.018309 -0.012933 -0.031722 -0.042275 -0.023227 -0.026098 -0.059495 -0.001744 0.007033 0.005839 -0.023708 0.028231
-0.007029 0.007606 -0.015605 -0.008943 0.005729 -0.003802 0.025808 -0.003344 0.000000 0.051085 0.006433 0.007041 0.027597 0.014818 -0.017655 -0.012645 0.028075 0.001067 -0.020689 0.007968 0.016524 -0.008369 0.028410 -0.000843 0.026578 -0.039862 -0.033765 -0.007001 -0.015066 -0.012108 -0.000244 -0.007097 0.000203 0.026837 -0.018178 0.011013 -0.022099 0.004406 -0.011643 0.008423 0.030207 0.018170 -0.029818 0.007485 0.011433 0.007159 0.015899 -0.032536 -0.001497 0.017348 0.003884 -0.006223 -0.019868 -0.009127 0.007423 0.009172 -0.002289 -0.009175 0.011576 -0.015046 0.003435 -0.017985 0.014322 0.007789 0.003098 -0.005323 0.008177 -0.030559 -0.013821 -0.013964 0.009280 -0.010106 0.001360 -0.003788 0.055052 0.004680 -0.004199 -0.043257 0.018015 -0.014698 -0.002471 0.002215 -0.013461 0.047722 0.015210 -0.003560 0.005511 0.006121 -0.018758 0.015576 0.009066 -0.000836 0.005944 0.053501 0.017997 -0.003568 0.008284 -0.002944 -0.010616 0.002167 -0.032541 -0.012523 0.011369 0.033619 -0.006227 0.031953 0.001110 0.007498 0.001328 0.038511 -0.004144 -0.009011 0.011490 0.022039 0.021520 0.006703 -0.004230 0.003836 0.001218 -0.004047 -0.014312 -0.043744 0.002651 -0.000856 0.028013 0.011450 0.033192 -0.017350 -0.026242 -0.003000 -0.003571 0.001616 0.016115 0.006083 0.033249 0.005431 -0.016982 -0.013133 0.026929 -0.023403 -0.001198 0.005547 -0.006738 -0.006181 -0.016146 0.001054 -0.004226 -0.035549 0.026582 -0.007134 0.019614 0.004824 -0.029410 0.007620 0.023017 0.015039 -0.005080 -0.001853 -0.031461 -0.019791 0.024930 0.005158 0.031326 0.006655 0.017296 0.021557 0.052309 0.020606 0.034432 0.000026 -0.001185 -0.002741 0.029466 -0.001250 -0.015589 -0.001610 -0.005916 0.007572 -0.013993 -0.007592 0.007802 0.019136 0.054101 -0.002775 -0.027793 -0.009639 0.031634 -0.016185 -0.037005 -0.013147 0.009335 0.003197 -0.003449 -0.043346 -0.027231 0.004601 0.009395 0.019095 0.017022 -0.027582
-0.016177 0.001923 -0.013671 -0.009092 -0.004554 -0.025440 0.004471 -0.019552 0.051085 0.000000 -0.015905 0.008705 -0.007425 0.012121 0.006657 0.002290 0.020676 0.005498 -0.009713 -0.001750 0.002195 -0.004304 0.007270 -0.018483 0.012364 -0.023305 -0.011939 -0.020460 -0.017018 0.007594 0.003385 -0.001863 -0.019933 0.000769 -0.026917 0.018881 -0.006939 0.022035 0.013955 -0.003492 0.036272 -0.001386 0.005432 0.001598 -0.013385 0.002867 0.012674 -0.000622 -0.007780 0.001885 0.004050 0.014505 -0.023888 -0.011390 -0.018315 -0.011582 -0.021079 -0.004720 -0.015839 -0.022687 0.007966 -0.006229 0.008029 -0.001711 -0.014757 -0.017258 -0.025885 -0.003489 -0.012063 -0.015485 0.003984 -0.011127 -0.004103 -0.023446 0.018572 -0.021010 0.017487 -0.029106 -0.023292 0.014736 -0.015008 -0.007785 -0.011112 0.023425 -0.005812 0.000247 0.002427 0.005912 -0.014919 -0.016065 -0.007129 -0.016830 -0.006940 0.024365 0.024505 -0.022564 0.012011 -0.021505 -0.001663 0.009859 -0.024053 -0.007406 0.024797 0.004565 -0.006565 0.019735 -0.010478 -0.000549 -0.010920 -0.023300 -0.013078 -0.032110 0.026299 -0.003384 -0.006798 -0.019595 -0.016175 0.000762 -0.028797 0.041790 -0.017288 -0.014688 -0.031649 0.011479 -0.011113 0.007761 0.044991 -0.036872 -0.037990 -0.011812 -0.009309 0.001058 0.008700 -0.017965 0.025842 -0.006287 -0.023510 -0.018751 0.028909 -0.022040 -0.013605 0.009667 -0.012497 -0.014584 -0.015947 -0.027800 -0.024371 -0.001217 0.004845 -0.010314 0.004415 0.024812 -0.037840 0.000740 -0.013871 -0.020392 -0.013267 -0.004784 -0.005734 -0.009034 -0.013196 -0.005994 0.003602 -0.005184 -0.008384 0.028018 0.027902 -0.008634 0.022837 -0.001915 -0.008911 0.006162 0.024496 -0.018253 -0.012826 0.020674 0.004408 -0.023474 -0.007259 -0.010271 -0.013384 0.002863 0.039748 -0.028456 -0.022210 0.006116 0.022600 -0.020109 0.007999 -0.019525 0.017502 0.040759 -0.011025 -0.004681 -0.006379 -0.018985 0.000976 0.009720 0.018283 -0.015140
0.001530 0.017442 0.034383 0.002639 0.025654 0.035252 -0.002371 0.021659 0.006433 -0.015905 0.000000 0.000061 -0.019368 0.037311 -0.014210 0.012562 0.023789 -0.003019 0.028891 0.018222 0.054377 0.022270 0.016685 0.018140 -0.016403 0.000018 0.017040 0.057761 0.011184 -0.010124 0.012133 0.043924 0.001993 0.003472 0.015998 -0.039390 -0.012876 -0.007791 -0.006154 0.003735 -0.003908 0.023509 0.040173 0.024513 -0.024740 0.008434 -0.005525 -0.010147 0.033987 0.020279 0.066614 0.019785 0.019217 0.056558 -0.025992 0.022188 0.052542 0.000293 -0.002582 0.043234 0.012186 -0.002753 0.024403 0.006165 0.044288 0.038772 0.005558 -0.025766 0.056956 0.028832 0.028807 0.059202 0.020901 0.043037 0.015978 0.039657 0.003082 0.061908 0.000193 -0.029850 0.032112 0.009074 -0.018125 0.009538 0.017711 -0.013321 0.001581 0.045081 0.022333 0.015431 0.024394 0.028921 0.004129 0.039503 0.044148 0.041508 0.021545 0.042927 -0.000456 0.017914 0.017664 0.014552 0.002071 0.057102 0.032807 0.011808 0.050708 0.046315 0.051308 0.024654 0.044263 0.018963 0.009331 -0.006398 0.007430 0.013535 0.012509 0.003798 -0.008458 -0.002804 0.033871 -0.009961 0.040075 0.017103 -0.015975 0.004841 0.026883 0.007681 0.018651 -0.034473 0.034806 -0.015286 0.022918 0.011829 0.018886 0.005823 0.015199 0.021314 0.044798 0.026890 0.015599 0.045485 0.020147 -0.014342 0.011428 0.005516 0.033720 -0.024617 0.025179 0.028463 -0.016200 0.014210 0.005696 0.038588 -0.011291 0.019919 0.048913 0.017412 -0.015961 0.003979 -0.002533 0.012918 0.002771 -0.011016 0.012011 -0.003484 0.020478 -0.025700 0.027808 -0.000001 0.012571 0.010412 0.059998 0.024829 -0.011301 0.003720 0.025704 0.016737 0.021323 0.012036 0.031812 0.009115 0.034213 -0.020163 0.059309 -0.005910 0.034207 0.035224 0.001618 -0.016186 0.030809 -0.008347 0.002579 -0.034684 -0.018272 0.051574 0.046565 0.014617 0.007714 0.030374
-0.036511 0.012292 -0.022856 -0.012244 -0.012917 -0.011543 0.001471 -0.031269 0.007041 0.008705 0.000061 0.000000 -0.022476 0.047075 -0.021559 0.005343 0.000990 -0.015102 -0.036789 -0.014768 0.009240 -0.006224 -0.001685 -0.018444 -0.002000 -0.005319 -0.001981 -0.012119 -0.036381 -0.020975 -0.025526 0.032516 -0.017273 -0.006700 -0.025419 0.005437 -0.039747 -0.016164 0.039869 -0.018939 -0.013255 -0.027889 0.032747 -0.017084 -0.027454 -0.028600 -0.004496 -0.034124 0.047596 0.011189 0.016467 -0.004911 -0.000329 -0.039315 -0.034904 -0.004535 0.009308 -0.021437 -0.030467 -0.026766 -0.007745 -0.009761 0.023972 -0.017902 -0.004381 -0.023253 -0.015470 -0.001340 0.028394 -0.061618 0.012020 0.043715 -0.006163 0.041602 0.048202 -0.008011 -0.000060 0.037735 -0.039690 0.005876 -0.019581 -0.011205 -0.042103 0.016542 -0.020555 -0.012995 0.017496 -0.009040 -0.044763 -0.008815 0.011459 0.001816 -0.037295 0.045486 -0.002982 -0.020101 -0.019206 -0.024654 0.022402 0.016263 0.020273 -0.032739 -0.000530 0.009233 -0.041850 0.012317 0.008319 -0.007169 -0.029956 0.030980 -0.007595 -0.003013 0.046779 -0.023684 0.020816 -0.025893 0.016281 0.000508 -0.037064 0.036863 -0.033907 -0.031723 -0.013548 -0.034852 -0.026467 0.018784 0.019282 -0.023962 0.000479 -0.020612 -0.029243 -0.018286 0.004005 -0.011300 0.029044 -0.020010 -0.023918 -0.033091 0.039977 0.043072 0.010426 -0.017037 -0.004845 0.011397 -0.010139 -0.037158 -0.017209 -0.009505 -0.005437 -0.005340 -0.015452 0.026360 0.000777 -0.018640 -0.002726 -0.027256 -0.021049 -0.012507 -0.016262 -0.000718 -0.017503 0.006077 -0.004052 0.017247 -0.002178 0.028616 0.010716 -0.004367 0.006936 -0.023547 -0.023039 -0.018677 0.004971 0.004567 -0.032546 0.011478 -0.015031 -0.003294 -0.032087 -0.031227 0.033406 -0.014134 0.023571 -0.024845 -0.007446 -0.008214 0.029357 -0.023204 -0.020207 0.004679 -0.002305 -0.005340 0.038641 -0.019443 -0.027197 -0.016691 -0.013748 0.001741 0.001755 -0.019055
-0.013693 -0.021208 -0.039238 -0.018796 -0.036311 -0.015568 0.019042 0.010811 0.027597 -0.007425 -0.019368 -0.022476 0.000000 0.017752 -0.035394 -0.001840 0.027807 -0.022931 -0.042887 -0.003759 -0.016881 -0.034669 0.053588 -0.022658 0.034758 -0.005553 -0.012997 -0.016295 -0.035885 -0.011987 0.001989 -0.027718 -0.018017 0.024275 0.000955 0.019058 -0.039810 -0.001497 0.018245 0.004102 -0.019902 0.006972 -0.034326 0.012280 -0.006542 -0.038088 -0.010443 -0.031572 -0.014592 0.020163 -0.019984 0.001795 0.001605 -0.003022 0.000796 0.010509 -0.010698 -0.041057 0.010890 -0.019485 -0.011696 -0.024420 0.024457 0.007942 -0.032583 -0.022663 0.004166 0.032030 0.020012 -0.019493 0.003381 -0.015765 -0.013996 0.009299 -0.003996 -0.017699 -0.032428 -0.039789 -0.027249 -0.017314 -0.051401 -0.033748 -0.015852 0.024410 -0.004328 -0.005001 -0.033361 0.013279 -0.025614 -0.005082 -0.035569 -0.039825 0.009839 0.039214 -0.022852 0.001482 -0.018747 -0.002677 0.018066 0.031454 -0.025746 -0.013612 0.000903 -0.014946 -0.034872 -0.001072 0.010913 0.022857 -0.058468 -0.016529 -0.046103 -0.026443 0.013613 -0.000121 0.000367 -0.009888 -0.035526 0.012154 -0.021641 -0.007844 -0.030221 -0.045314 -0.032664 0.016080 0.035052 -0.041479 -0.021182 -0.009702 -0.031336 -0.024077 -0.006288 -0.002189 -0.018404 -0.011803 0.000496 -0.004043 -0.007717 -0.026702 -0.023269 -0.046502 -0.014926 0.012715 0.004062 0.020368 -0.032159 -0.038940 -0.034848 -0.035370 -0.035459 -0.028243 0.044754 -0.004958 -0.042624 0.010692 -0.036280 -0.003749 0.004799 -0.005623 -0.020544 -0.038062 0.007635 0.011371 -0.011428 0.035988 0.030846 -0.021926 0.009130 0.032542 0.020932 0.002040 0.010719 -0.011149 -0.038033 -0.060728 -0.028310 0.007036 -0.017564 0.016738 -0.029793 -0.008871 -0.013942 0.002216 -0.009871 -0.018262 -0.021455 -0.039904 -0.000789 -0.043659 -0.015225 0.019461 -0.036980 -0.003961 -0.009429 -0.009903 -0.041436 -0.013247 -0.047068 -0.003961 -0.014437 -0.038966
-0.021651 0.046026 0.022717 0.016925 0.042992 0.048621 0.053423 -0.005378 0.014818 0.012121 0.037311 0.047075 0.017752 0.000000 -0.019553 0.003799 0.089397 -0.011700 0.028335 0.049451 0.029417 0.037946 0.012010 0.008087 0.028980 0.010020 0.004909 0.016958 0.018149 -0.016360 -0.013458 0.021261 -0.007669 0.028829 0.010607 -0.000205 -0.000267 0.057751 -0.003867 0.034322 0.000904 0.025901 0.005153 -0.008234 -0.010626 0.019622 0.004708 -0.007767 0.039740 0.022441 0.034163 0.018144 0.036554 -0.004922 -0.003802 0.077892 0.021877 0.003713 0.036559 0.007671 0.044633 0.016065 0.036771 -0.001989 0.012777 0.050628 0.012305 0.001154 0.018863 -0.006389 0.031370 0.047890 0.048793 0.034460 0.045425 0.033250 0.003413 0.002023 -0.006267 -0.002547 0.011762 0.054394 -0.014802 0.019818 -0.061781 0.007713 0.008733 0.018890 -0.003100 -0.005351 0.016200 -0.005717 -0.019338 0.030965 0.056484 0.014319 0.010235 0.025925 0.016386 0.026334 -0.002232 -0.029441 0.011561 0.057215 0.020852 0.007479 0.008538 -0.004069 0.028496 0.010543 0.006288 0.021878 0.055917 -0.011268 0.038943 -0.007026 0.024986 0.021018 0.031023 -0.010984 0.021220 0.018952 0.007342 0.030956 -0.005054 0.026837 0.045930 -0.012117 0.007282 -0.037605 -0.027708 -0.023359 0.032388 -0.006262 0.013212 -0.017200 0.014829 0.006591 0.037736 0.039706 0.038515 0.001912 -0.042169 0.026929 0.003313 0.019539 0.014587 -0.025379 0.082243 -0.021505 0.021435 0.014514 0.019243 0.015422 -0.012938 0.017703 0.004774 -0.008551 0.003913 -0.016127 0.002238 0.017652 -0.011969 0.026685 0.013764 0.022907 0.050045 0.013952 0.034733 -0.047980 -0.009518 0.027603 0.055054 0.017934 -0.000721 0.015641 0.013298 0.018183 0.007541 -0.033670 -0.002664 0.014903 0.061789 0.010476 0.024251 0.017491 0.043732 -0.011063 0.008657 -0.003784 0.038458 -0.014775 0.011059 -0.009002 -0.003596 0.012666 0.035002 0.010198 0.011790 0.011169
-0.015543 -0.030505 -0.027804 -0.026249 -0.015776 -0.058956 -0.025523 -0.026971 -0.017655 0.006657 -0.014210 -0.021559 -0.035394 -0.019553 0.000000 -0.031781 -0.025099 0.026028 -0.039302 -0.021213 -0.013228 -0.012912 -0.033161 -0.033581 -0.014679 -0.025724 -0.005219 -0.030655 -0.030289 0.010466 -0.025227 0.007237 -0.038154 -0.043705 -0.021585 -0.004232 -0.019265 -0.030801 -0.025457 -0.030209 -0.012104 0.013393 0.006256 0.005973 -0.033935 -0.018694 0.008306 0.006734 -0.005580 -0.027063 0.013052 -0.000344 -0.038410 -0.027440 -0.032250 -0.053947 -0.016044 -0.023815 -0.023679 -0.036116 -0.030552 -0.009742 -0.021381 -0.014281 -0.027029 -0.045538 -0.043469 0.010098 0.008329 -0.035472 -0.025622 0.025858 -0.039566 -0.009731 -0.018494 -0.044436 -0.012088 0.014658 -0.047689 -0.014909 -0.039705 -0.036425 -0.025768 -0.014477 -0.021632 -0.005967 0.015444 -0.019991 -0.034840 -0.028779 -0.014953 -0.007018 -0.034869 0.052226 -0.020683 -0.025158 -0.037481 -0.044231 -0.032324 -0.013483 -0.014705 -0.019286 -0.020392 0.002024 -0.024437 -0.005029 -0.010395 -0.008280 0.004450 0.001348 -0.033186 -0.031187 0.003045 -0.075909 -0.036407 -0.038902 -0.008100 -0.031895 -0.040555 0.011119 -0.024791 -0.001495 -0.045757 -0.005024 -0.024346 0.004128 -0.006352 -0.041750 -0.013832 0.039826 -0.021976 -0.037687 -0.040788 -0.028319 0.042348 -0.041972 -0.027034 -0.037735 0.011580 -0.010364 -0.040954 -0.008725 -0.001932 -0.018820 -0.013463 -0.038057 -0.052525 0.007757 -0.034769 -0.024063 -0.036616 -0.000071 -0.031591 -0.010291 0.024974 -0.047784 -0.022271 -0.022890 -0.012312 -0.004046 -0.016988 -0.025437 -0.025843 -0.051301 -0.042941 -0.024692 -0.018560 -0.015122 -0.023600 -0.043478 -0.042022 -0.031790 -0.013422 -0.030901 -0.043648 -0.016978 -0.018812 -0.032018 -0.029994 -0.032603 0.020727 -0.019718 -0.025654 -0.023266 -0.010253 -0.042126 -0.002611 -0.031068 -0.029140 -0.002995 0.006057 -0.013143 -0.001621 -0.000537 -0.031540 -0.016242 -0.039204 0.006954 -0.004657 -0.024753
-0.008422 0.020887 0.017929 0.035267 -0.009450 0.023936 0.011656 0.025630 -0.012645 0.002290 0.012562 0.005343 -0.001840 0.003799 -0.031781 0.000000 0.004135 -0.000549 0.006484 -0.000576 0.025509 -0.015849 0.042809 0.031613 0.018223 -0.050327 0.015782 0.024137 0.015510 -0.028236 0.021963 -0.017792 0.035267 0.033409 -0.000088 -0.019074 -0.019913 0.021632 0.012139 -0.006986 -0.032259 0.003438 -0.015727 0.011016 0.002779 0.005709 -0.012928 -0.010100 0.001704 0.024211 -0.029317 -0.034823 -0.016828 0.008473 -0.011029 0.039543 0.005581 0.002436 -0.000872 0.028318 0.014382 -0.003203 0.016431 0.019872 0.033270 0.019965 0.003516 -0.055150 0.001736 -0.014840 0.003498 -0.003698 0.017074 0.016428 0.024670 0.030781 -0.023090 -0.013023 0.026345 -0.044967 0.002286 0.017667 0.002885 0.017201 0.024350 -0.040836 -0.002300 0.037130 -0.007248 0.031506 0.003618 -0.016966 0.032895 0.034528 0.005660 0.035475 0.044322 0.013702 0.009430 0.025551 -0.039154 -0.025186 -0.000439 0.027439 0.014694 0.016515 0.024653 0.010855 0.000367 -0.001051 0.020474 -0.013890 0.034806 0.016008 -0.004420 0.042980 0.014083 -0.006541 0.012527 -0.013215 0.022137 -0.004764 0.030091 0.021291 -0.009989 -0.028503 0.024447 0.018126 -0.001146 -0.047262 -0.013630 -0.007761 0.005352 0.037497 0.010842 0.016517 0.016416 -0.004743 0.027820 -0.025079 0.024727 0.015839 0.033019 -0.007602 -0.003218 0.011817 0.015325 -0.030319 0.009493 0.042081 0.039876 0.004262 0.000042 0.028219 -0.028792 0.028459 0.024927 -0.017783 -0.038044 -0.047253 0.007295 -0.008393 0.032094 0.019147 0.042493 0.031374 0.023834 -0.017978 0.038042 0.014383 0.043318 0.007750 0.015705 0.006918 -0.037678 -0.036057 -0.009577 -0.012997 -0.007881 0.026244 -0.013121 0.011684 0.022674 0.005855 0.021947 0.001615 0.007092 0.022152 -0.007038 -0.017899 -0.000008 -0.034433 -0.003470 -0.043318 -0.014861 0.007874 0.043899 -0.000815 -0.002421 0.014192
0.001742 0.053218 0.015935 0.014667 0.007992 0.049207 0.072522 0.037438 0.028075 0.020676 0.023789 0.000990 0.027807 0.089397 -0.025099 0.004135 0.000000 0.018293 0.013004 0.014782 0.029311 0.013490 0.017993 -0.012351 -0.006892 0.012291 -0.003376 0.013215 0.037531 -0.011546 0.012292 0.025419 0.015745 0.007056 -0.015525 0.020015 -0.005858 0.011863 0.028529 0.035122 -0.004996 -0.013730 0.004095 0.000307 0.036193 -0.006659 0.013716 -0.006729 0.030989 0.039320 -0.019855 0.008763 0.043452 0.007128 0.011734 0.076736 -0.005101 -0.008703 -0.005909 0.024854 0.019932 -0.005687 0.015211 -0.001746 0.020929 -0.012569 0.011409 0.016883 0.048921 0.006906 0.028164 0.007328 0.019209 0.019379 0.040630 0.035594 -0.009154 -0.003640 0.008889 -0.000383 0.016396 0.050578 -0.004416 0.015223 -0.000122 -0.002849 -0.005813 0.018029 0.013995 0.006978 0.016529 -0.006707 0.007218 0.056700 0.002389 0.015267 0.014852 -0.014227 0.014933 0.032118 -0.002133 -0.009454 0.014719 0.022424 0.006404 0.041372 0.033110 0.018066 0.009745 0.033387 0.013329 0.026253 -0.007057 -0.000199 0.058814 -0.000865 0.038532 0.015697 0.017477 0.019708 -0.032490 -0.009381 0.017728 0.025020 0.016375 0.002753 0.019310 0.011616 0.007142 -0.026381 -0.008667 -0.008970 0.000695 -0.012146 0.015853 0.030047 -0.000323 0.008927 0.023764 0.021067 0.026698 0.025548 0.009787 0.036810 -0.011921 -0.014042 0.014165 0.012044 0.018783 0.019153 0.011815 0.022269 -0.012480 0.015398 -0.015042 0.013721 0.015418 -0.001820 0.004228 -0.030926 0.029341 0.014876 0.059077 0.046951 0.008040 0.037332 0.019285 0.009604 -0.003651 0.012448 0.012152 0.020815 0.024244 0.025742 -0.017553 0.011414 0.027327 0.025977 -0.000173 0.000386 0.023742 0.024531 0.015447 0.002981 -0.009891 -0.008252 0.058276 -0.021481 0.028739 0.003954 0.009912 -0.001327 0.016253 -0.007688 -0.010209 0.009585 0.061079 0.031989 -0.000280 -0.023162
0.004896 -0.021809 -0.010364 -0.021812 -0.011644 -0.051465 -0.016684 -0.018608 0.001067 0.005498 -0.003019 -0.015102 -0.022931 -0.011700 0.026028 -0.000549 0.018293 0.000000 -0.021577 -0.010542 -0.000850 -0.007152 -0.004195 -0.043077 0.007243 -0.015934 -0.001877 -0.021542 -0.035293 0.020511 -0.011977 -0.010538 -0.053730 0.000371 -0.022037 0.004010 -0.001675 -0.011654 -0.008427 -0.008671 0.006788 0.003758 -0.012352 0.028507 0.038633 -0.012612 0.025850 -0.019876 0.004548 -0.010702 0.035913 0.032464 -0.002467 0.004998 -0.012631 -0.013365 0.027454 -0.006133 -0.029291 -0.025233 -0.012292 -0.005116 0.004797 -0.000969 -0.024469 -0.037889 -0.013715 -0.007567 -0.020695 0.011923 0.027962 0.030906 -0.022756 0.000276 -0.012761 -0.031199 -0.009676 -0.016340 -0.040949 -0.001858 -0.023814 -0.006484 -0.019177 0.033444 0.008253 0.019584 0.005851 -0.015506 -0.008411 -0.002531 -0.009581 0.017161 -0.017493 0.071339 -0.011398 -0.014056 0.000075 -0.015324 0.006713 0.026710 -0.008146 0.004340 0.007397 0.012839 -0.012416 -0.001277 -0.030051 0.023932 0.008353 0.036164 -0.029729 0.015437 0.010086 -0.023140 -0.007528 -0.017904 -0.018640 -0.001804 -0.034690 0.009478 -0.028263 -0.011169 -0.039658 0.024523 -0.008327 0.016396 -0.002165 -0.043212 0.011340 0.004058 0.008445 -0.004023 -0.004729 -0.010682 0.056877 -0.019302 -0.014637 -0.016698 0.015645 -0.006794 -0.014129 0.015328 0.000464 -0.008625 -0.001885 -0.049752 -0.025508 -0.009653 -0.007120 -0.000995 -0.000594 -0.027065 -0.026547 -0.021495 -0.020226 -0.005343 -0.016215 0.000514 -0.003082 -0.008168 -0.019269 -0.017274 -0.005121 -0.002996 -0.008138 -0.004659 -0.001934 -0.020991 -0.012250 -0.006939 -0.012818 -0.019006 0.012655 -0.029259 -0.026118 -0.002531 -0.003956 0.005749 -0.015552 -0.016890 0.007147 -0.015569 0.005645 -0.032102 -0.025507 -0.003615 0.030821 -0.038418 0.002273 -0.023559 0.007391 -0.000358 -0.010661 -0.064034 -0.036125 0.002550 -0.027284 0.018483 -0.016133 -0.028844
0.010436 -0.021385 0.076540 -0.001635 0.003378 -0.048072 -0.046964 0.004516 -0.020689 -0.009713 0.028891 -0.036789 -0.042887 0.028335 -0.039302 0.006484 0.013004 -0.021577 0.000000 0.009255 0.000589 -0.005849 -0.035604 -0.016775 -0.042503 0.009283 0.030962 -0.000096 -0.041317 -0.015416 -0.022926 0.026588 -0.024940 0.008333 -0.005647 -0.021575 0.001255 -0.032837 0.006035 -0.035262 -0.006981 -0.010962 0.010693 0.006769 -0.052071 -0.015709 -0.030174 -0.008804 0.027232 -0.015573 0.027685 0.022629 0.022849 0.000673 -0.046943 -0.039923 0.008457 0.038530 -0.006912 -0.005044 -0.031798 0.038519 0.037259 -0.016021 -0.014355 -0.010484 -0.014788 0.011943 0.021603 -0.011256 0.015639 0.062742 0.009816 0.019156 -0.024499 -0.013497 -0.012990 0.037360 -0.032313 -0.020881 -0.005826 -0.013506 -0.012622 -0.017688 -0.000369 0.012871 0.045582 0.005049 -0.000007 -0.004476 0.026059 -0.001566 -0.024307 0.027282 -0.007631 0.007629 0.014021 0.014268 0.002477 0.041593 0.011111 -0.014157 -0.007381 0.029442 0.013304 -0.025332 0.021543 0.008699 0.047291 0.033557 -0.021591 0.019161 0.002657 0.001558 -0.017933 -0.023772 0.036735 -0.007415 -0.036936 -0.003009 -0.009990 0.038724 -0.015988 0.007726 -0.061318 -0.004412 0.006021 -0.012363 0.028693 -0.008032 -0.010202 -0.039604 -0.007280 -0.012932 0.008785 -0.039389 -0.011910 0.014449 0.036404 0.063543 0.027402 0.008871 0.008208 -0.005622 0.017222 -0.011183 -0.012522 -0.030219 -0.008000 0.006788 -0.023332 0.021382 0.029862 0.013572 0.003211 -0.025861 0.018321 -0.011233 0.012482 -0.000337 -0.016833 -0.009731 -0.032769 -0.003474 -0.031619 -0.002153 -0.035631 -0.053167 -0.009659 -0.033249 -0.016717 0.020756 0.010850 0.008264 -0.001581 0.003813 0.005245 -0.000679 -0.006926 -0.024050 0.029671 -0.004542 -0.007099 -0.025898 0.007146 -0.016806 0.010723 0.000897 0.019556 0.000550 0.003736 -0.020000 0.001508 0.001939 -0.023369 0.001144 -0.007010 0.040318 -0.000026 -0.009644
0.022114 0.037124 0.016425 0.021660 -0.002865 -0.008345 -0.009491 0.021811 0.007968 -0.001750 0.018222 -0.014768 -0.003759 0.049451 -0.021213 -0.000576 0.014782 -0.010542 0.009255 0.000000 -0.005882 0.017085 0.021300 0.028312 0.024094 -0.013190 0.013795 0.010664 -0.006053 -0.020223 -0.014367 0.036191 0.033197 0.008088 0.060660 0.012239 -0.028794 -0.010296 0.014295 0.006401 -0.020831 0.003782 0.018567 0.003659 -0.008145 -0.003724 -0.021798 -0.041723 0.010437 -0.000761 0.009078 -0.027933 0.001386 0.026199 0.029672 -0.007370 -0.019763 -0.003091 0.053757 -0.000408 -0.018535 -0.014302 0.014060 0.001780 -0.017174 0.021944 0.042717 0.000850 0.048118 0.025656 0.010819 0.018835 -0.009085 0.010351 0.018660 -0.011353 -0.045195 0.012415 0.014970 -0.032461 -0.004275 -0.032630 0.000039 0.006835 0.032680 -0.027611 -0.002223 0.027580 0.004319 0.014705 -0.000254 -0.018143 -0.009688 0.029398 -0.041601 0.004851 0.019145 0.014324 -0.011280 0.018454 0.014207 -0.000862 0.009211 0.010881 0.002542 -0.007256 0.054990 0.024062 -0.003673 0.011228 -0.006064 -0.003302 0.011349 -0.008015 0.004676 0.027019 0.010920 -0.015905 0.041551 0.002831 0.041545 -0.024846 -0.006024 0.007563 0.009346 -0.050454 -0.025585 0.025610 0.009093 -0.032596 0.014014 -0.023599 0.004321 0.009049 0.011219 -0.018698 0.017322 -0.005020 0.015963 -0.006239 0.028899 0.028488 0.013023 0.090074 -0.023096 0.037463 -0.004549 -0.038405 -0.032676 0.019830 0.009132 -0.001565 0.000573 0.016780 -0.053202 -0.029720 0.023689 0.011585 -0.025388 0.004740 0.009545 -0.016176 -0.027490 0.035915 0.071102 -0.020598 0.020424 0.014157 0.006256 0.027331 0.000415 -0.016536 0.001391 -0.008478 -0.023035 -0.019374 -0.008512 0.029485 -0.002426 0.004583 0.020242 0.000182 0.000836 0.058136 0.045059 -0.035822 0.006370 -0.014966 -0.010138 -0.017833 -0.021365 -0.009557 0.016538 -0.030573 -0.033603 0.015204 -0.025877 0.008294 -0.027703 0.028803
0.014985 0.055248 0.007468 -0.002923 0.012078 0.014823 -0.002719 0.029906 0.016524 0.002195 0.054377 0.009240 -0.016881 0.029417 -0.013228 0.025509 0.029311 -0.000850 0.000589 -0.005882 0.000000 -0.003779 -0.011200 0.035278 0.000196 0.017914 0.009433 0.057740 -0.026951 -0.004577 0.012669 0.033789 0.014321 0.027513 0.004190 -0.002987 -0.021976 -0.008443 0.010265 -0.008067 0.018958 -0.005926 0.021998 -0.009970 -0.001964 -0.012625 0.005648 -0.022391 0.022375 0.015215 0.025824 -0.002593 -0.004639 -0.000283 -0.015966 -0.004510 0.003858 0.004500 -0.018067 0.024996 -0.002705 0.004682 0.024518 0.012437 0.054646 0.033852 -0.003513 -0.006875 0.047705 0.006754 0.015111 0.042756 0.040678 0.027351 0.010549 0.011383 -0.007761 0.023256 -0.014130 -0.025912 -0.032461 0.023133 -0.030658 0.020460 0.016871 -0.001664 0.010118 0.043558 -0.019641 0.014714 0.018585 -0.008172 0.010296 0.038510 0.003540 0.050847 0.014701 0.042832 0.021470 0.041496 0.013574 0.010277 0.042430 0.041548 0.006185 0.002915 0.059335 -0.006314 0.025352 0.017207 0.037057 -0.006907 0.001693 -0.007463 0.000933 0.034682 0.066192 0.032112 -0.010364 -0.004777 0.022778 -0.010664 0.038192 0.006750 -0.013014 0.016849 0.014900 -0.000913 0.003143 -0.025562 0.004003 -0.011105 0.036571 0.031933 0.015245 -0.011750 0.005776 -0.021790 0.024680 0.008138 0.013927 -0.011780 0.027292 -0.005133 -0.008291 0.028608 -0.029168 -0.013059 -0.001309 0.040614 0.000876 0.031289 0.040723 0.062539 -0.023542 -0.009404 0.046956 -0.000670 -0.004991 0.006109 -0.000741 0.016241 -0.017952 0.017782 0.025330 0.008629 0.005036 -0.011207 0.017662 -0.000024 0.029270 -0.004101 0.008436 0.013500 -0.001727 0.025508 0.003235 -0.000031 0.004839 0.018024 -0.004695 0.017851 0.015754 -0.006616 0.029145 -0.017597 -0.028497 -0.012056 0.006442 -0.016748 0.016295 -0.029438 0.009000 -0.003751 -0.039325 0.004855 0.007363 0.019828 -0.026266 0.034431
