0.000000 0.025180 0.007729 0.035578 0.019272 -0.003015 0.018371 0.025181 0.000216 -0.031039 0.073389 0.047226 0.018177 0.030794 -0.013018 -0.007944 0.023992 -0.018764 0.002533 0.008587 0.029266 -0.001366 -0.011123 0.049101 0.026889 0.039936 0.049003 0.041730 0.001142 0.019968 0.046738 0.050622 0.012599 0.022615 0.030047 0.000646 0.007491 0.025412 0.031144 0.006381 0.000038 0.034709 0.046424 -0.011783 -0.025283 -0.001182 0.007263 -0.005045 0.052050 0.021064 0.020635 0.011022 0.011032 0.007048 0.007856 -0.012950 0.013975 -0.007522 0.013285 0.030703 0.022593 0.051865 0.043301 0.018219 0.020087 0.043019 0.015572 0.005113 0.042180 -0.003836 0.004418 0.064469 0.017342 0.051623 0.046505 -0.010936 -0.025413 0.056464 0.011006 -0.003137 -0.001153 0.018583 0.023865 0.013466 0.017603 -0.020678 0.049783 0.018403 -0.009764 0.037183 0.033349 0.023164 0.019970 0.012224 -0.005787 0.043868 -0.031241 0.037955 0.027903 0.077169 0.050561 0.043432 0.016318 0.042615 -0.002324 0.013489 0.066266 -0.027001 0.018537 0.017648 0.026222 0.032851 0.034870 0.003875 0.010983 0.016442 0.044043 -0.007992 0.032296 -0.014117 0.045204 0.025287 0.015822 0.012891 -0.005138 -0.033133 0.010491 0.018956 0.055587 -0.014226 0.020669 0.004402 0.028770 0.040434 0.018190 -0.014869 0.013797 0.009425 0.026640 0.038374 0.007575 0.003480 0.082099 0.018810 0.032286 0.045767 -0.034583 -0.038130 0.018608 0.026415 -0.001192 -0.019684 0.048474 0.023282 0.016113 -0.003838 0.003750 0.026432 0.013903 -0.016888 0.014584 -0.004376 0.000727 0.045074 0.016426 0.022422 0.042527 0.029425 0.027541 0.018000 -0.003471 -0.013947 0.018906 -0.003271 0.058847 -0.028558 -0.002438 0.013914 0.003628 0.027520 0.032607 0.006639 0.028579 0.016534 0.055744 0.028391 0.030283 0.005873 0.024091 0.010222 0.004791 -0.033142 0.034234 -0.011940 -0.008110 0.027360 -0.015908 0.036846 0.008814 0.056702
0.025180 0.000000 0.049956 0.004646 0.054987 0.018848 0.004125 0.013043 -0.020575 -0.009565 0.037494 0.062911 -0.002504 0.037022 0.017799 -0.025090 0.003987 -0.059118 0.056212 0.029962 0.031981 0.053991 -0.014109 0.034210 0.021076 0.018747 0.019941 0.015380 0.010775 -0.000264 0.016691 0.078988 0.016753 0.021966 0.004376 -0.006215 -0.004591 0.018593 0.047866 0.054618 0.004948 0.054751 0.045034 0.024653 -0.054524 0.040974 0.014122 0.003689 0.070299 0.002986 0.074123 -0.008135 0.074662 0.051542 0.012634 0.010465 0.047339 0.024038 0.007661 0.014879 0.026965 0.022637 0.027895 0.008776 0.039360 0.027462 0.006422 -0.034866 -0.000251 0.042315 0.049729 0.059804 0.034651 0.055671 0.047352 0.035637 -0.003322 0.058256 0.006169 0.012134 0.053422 0.030389 -0.010278 0.003676 0.034296 -0.030566 0.044298 0.010105 0.028657 0.044422 0.071449 -0.009216 0.016533 -0.034299 0.010331 0.002216 0.032876 0.012744 0.006323 0.038489 0.045646 -0.012069 0.024042 0.065060 0.052624 0.039488 0.034426 0.015520 0.079096 -0.012657 0.038617 0.022527 0.022208 0.026965 -0.008479 0.001550 -0.000568 -0.011948 -0.002641 0.011071 0.024901 0.029053 0.023750 0.030823 -0.005226 -0.005606 0.009231 0.016623 0.006750 -0.000496 -0.005636 0.020172 0.086835 0.041205 0.015918 0.022016 -0.012865 0.016037 0.081210 0.109656 0.022550 0.027299 0.030162 0.031016 0.018854 0.021541 0.040971 -0.060523 0.016977 0.017990 0.021697 -0.039331 0.023023 0.017943 -0.002229 -0.002731 0.015049 0.009095 0.041226 0.015843 0.024248 -0.012053 0.040702 0.006350 0.024398 0.057559 0.060554 0.008065 0.039453 0.030197 -0.006673 0.001117 0.018793 0.021734 0.011493 -0.017110 0.010302 -0.000922 0.036078 0.011664 0.034716 0.039709 0.087351 0.026969 0.033927 0.070631 0.045746 0.004652 0.021224 -0.008269 0.024172 -0.017700 0.099407 -0.029381 0.011792 0.035039 0.016571 0.012988 -0.005011 0.062054
0.007729 0.049956 0.000000 0.005256 0.064631 0.011349 -0.042911 -0.001542 -0.006940 0.015725 0.043191 -0.001074 -0.012742 0.070525 0.047744 -0.013723 -0.012567 -0.013212 0.072175 -0.011567 0.032270 0.059935 -0.045781 0.015156 -0.032161 -0.007466 0.014206 0.019885 0.004017 -0.000611 0.006229 0.061128 0.027896 -0.008257 -0.001969 0.000723 -0.008450 -0.000436 -0.005411 0.045878 0.025357 0.004671 0.030798 -0.025833 -0.013115 -0.011836 0.023995 0.035369 0.046173 -0.007944 0.050469 0.033946 0.022178 0.009999 0.035213 -0.020760 0.022989 0.031579 -0.008448 0.004226 -0.013010 0.035028 0.014243 0.026789 0.025893 0.014525 0.003361 -0.007537 0.014008 0.002155 0.028385 0.047383 0.000999 0.014736 -0.002934 0.045708 -0.013670 0.043506 0.014396 -0.025902 -0.002802 -0.013218 -0.011655 0.028050 0.017288 -0.010091 0.039933 0.001255 -0.026019 0.030793 0.069257 0.010469 -0.020922 -0.006596 -0.008062 0.005774 0.046283 -0.006433 -0.022417 0.014237 0.067887 -0.037939 0.036799 0.070693 0.029695 0.036307 0.026059 -0.039001 0.092377 0.033050 0.023043 0.043455 -0.044031 -0.029546 -0.017877 0.007201 0.022521 -0.000594 -0.015590 -0.011422 0.008373 0.051369 0.027890 0.013447 0.011021 -0.019301 0.008605 0.017407 0.019927 0.025698 -0.017705 -0.027687 0.038585 0.041038 0.026771 0.008983 -0.014969 -0.004580 0.082920 0.098618 -0.005681 -0.029284 0.019984 -0.000060 0.035539 0.006324 0.005652 -0.010732 -0.007838 0.032280 -0.021935 0.001708 0.017004 0.006526 0.015174 -0.052988 0.012895 -0.020801 -0.000823 0.047838 0.034622 0.026321 0.042125 -0.014573 0.001073 -0.020528 0.006255 0.032236 -0.036392 -0.033409 -0.024363 -0.008966 0.011018 0.074136 -0.002576 0.003275 -0.021168 0.006196 0.012338 0.008881 0.032960 0.043430 -0.015709 0.012354 0.034468 0.040274 0.040254 0.014300 0.041947 0.019573 0.046723 -0.034015 0.083489 0.001243 -0.029561 0.027185 0.030542 0.008945 0.032590 0.052125
0.035578 0.004646 0.005256 0.000000 0.020520 0.048373 0.021641 0.024391 0.018173 0.010712 0.032068 0.033871 0.032132 0.003124 0.016060 0.039712 0.044825 -0.026618 0.013400 0.020960 0.013258 0.034290 0.052454 0.059794 0.045535 -0.001583 0.032641 0.015390 0.042462 0.009018 0.023983 0.037127 0.058814 0.024877 0.050633 0.027231 -0.006073 -0.000673 0.026726 0.040447 -0.011277 0.032931 0.025223 0.014215 -0.027641 0.025256 0.017252 0.007575 0.015058 0.015869 -0.004999 0.023135 0.041196 0.046435 0.052608 0.049312 0.018479 -0.007078 0.049429 0.036716 0.011260 0.004736 0.060050 -0.006624 0.023312 0.035853 0.023445 -0.025843 0.052925 0.054995 0.030994 0.024169 0.019685 0.019510 0.040258 0.050906 -0.002739 0.034059 0.049894 -0.006039 0.031820 0.012356 0.051754 0.016311 0.021035 -0.018960 0.031215 0.022438 0.042342 0.017131 0.018631 0.043922 0.031030 -0.004973 0.013254 -0.003882 0.043826 0.010913 0.036496 0.042520 0.018363 0.004922 0.020928 0.035967 0.052273 0.004678 0.046024 0.017476 0.009853 0.035195 0.012684 0.034211 0.019619 0.038766 0.025861 0.016042 0.026632 -0.001347 0.034670 -0.016087 0.037750 0.026450 0.011671 0.039845 0.037523 -0.006025 0.003940 0.039057 0.073796 0.025437 0.022453 0.030245 0.005468 0.006868 0.014371 0.035703 0.085067 0.017870 0.050763 0.025937 0.001028 0.025046 0.040241 0.037723 0.034695 0.020509 0.018698 -0.033428 0.026774 0.029648 0.048778 0.015366 0.048893 0.031404 0.006102 0.036997 0.015778 -0.008475 0.012550 0.007439 0.042998 -0.019428 0.021452 0.039364 0.011618 0.012131 0.053088 0.040483 0.019765 0.025300 0.012901 0.018308 0.007889 0.007732 0.011992 -0.018413 0.028717 0.033564 0.034793 0.031507 0.019411 0.019158 0.047429 0.036924 0.052430 0.002425 0.027111 -0.003409 0.020201 -0.013328 0.023443 -0.002320 0.016830 -0.039995 0.009183 0.018985 0.020993 0.046700 -0.016161 0.055481
0.019272 0.054987 0.064631 0.020520 0.000000 0.028760 -0.041721 0.009851 0.021634 0.042716 0.072397 -0.025262 0.005929 0.058518 0.057728 0.021272 0.011102 0.064320 0.043098 -0.018921 0.018734 0.054830 -0.031567 0.033775 -0.018972 0.021704 0.042434 0.016675 0.061132 0.036648 0.017788 0.101010 0.011509 0.032437 0.020748 0.026777 0.050903 -0.009082 0.031544 0.071249 0.044780 0.016938 0.074665 0.039072 0.038267 0.082136 0.036375 0.081576 0.086128 0.024603 0.076089 0.040745 0.064564 0.023685 0.022209 -0.027583 0.056608 0.103434 -0.026342 0.023634 0.003437 0.088854 0.051471 0.027746 0.042657 0.017514 0.006959 0.017108 0.030183 0.043319 0.072484 0.108858 0.058314 0.050997 -0.000304 0.037159 0.024509 0.065045 0.043416 0.019345 0.033011 0.030551 -0.001438 0.028472 0.022157 0.009433 0.055776 -0.005514 0.047349 0.065612 0.121602 0.037989 0.006265 0.031012 0.028705 0.026989 0.036271 0.000729 0.035415 0.052094 0.092735 -0.011102 0.053532 0.069261 0.060790 0.040700 0.038541 0.031575 0.110539 0.016712 0.040001 0.020515 -0.028441 0.029015 0.010816 0.016399 0.023514 0.025889 -0.005185 0.034540 0.007742 0.059593 0.033868 0.012807 -0.010527 0.032977 0.023216 0.008852 0.031764 0.055490 0.000340 0.006212 0.099176 0.064011 0.036796 0.019832 0.025739 0.029944 0.104324 0.131050 0.000903 -0.003504 0.021278 0.030190 0.071250 0.000831 0.028654 0.047715 0.026779 0.047666 0.004657 0.036882 0.051191 0.013250 0.032282 0.004194 0.017729 0.013328 0.036377 0.024673 0.041148 0.025747 0.042661 -0.002544 0.015989 0.041355 0.002575 -0.005497 -0.009883 -0.015644 0.002179 0.031924 0.041812 0.098130 0.026614 0.014494 0.023261 0.029040 0.038321 0.014855 0.051340 0.031317 -0.011517 0.013854 0.019699 0.117171 0.095671 0.029997 0.032086 0.027647 0.057837 -0.003305 0.128868 0.041427 0.034542 0.053112 0.019148 0.046373 0.020026 0.040669
-0.003015 0.018848 0.011349 0.048373 0.028760 0.000000 -0.000701 0.046146 0.024019 0.011884 0.012427 0.037545 -0.009060 0.076442 0.043467 0.038873 0.043427 -0.007713 0.003319 0.010236 0.029577 0.008082 0.026515 0.026069 0.039451 -0.007752 0.074361 0.034046 0.017211 0.031397 0.005821 0.074749 0.037663 0.025552 0.049758 0.036983 0.014540 -0.000740 0.050091 -0.001169 0.037436 0.028774 0.047620 0.016083 -0.034633 0.007607 0.054409 0.033932 0.039680 -0.015042 0.042312 0.036366 0.054908 0.022948 0.023184 0.011414 0.047481 0.020577 0.016636 0.038784 -0.016587 0.056858 0.099101 0.006108 0.025904 0.056471 0.031455 0.023251 0.066835 0.018213 0.054306 0.039124 -0.010286 0.022344 0.051293 0.016538 -0.011663 0.045780 0.056475 0.012312 0.005884 -0.007305 0.028416 0.006100 0.010799 -0.001959 0.064513 0.046331 0.021569 0.036382 0.033379 0.066417 0.000205 -0.000651 -0.012560 0.030864 0.020608 0.053236 0.041942 0.071406 0.045696 -0.039952 0.054296 0.045589 0.008513 0.010136 0.053006 0.015251 0.045084 0.033294 0.019512 0.054202 0.001701 0.012100 0.004039 0.030189 0.030068 0.013753 0.040812 0.013153 0.068802 0.044803 0.040461 0.033624 0.017577 -0.008353 0.033387 0.049287 0.056240 0.048344 -0.017701 -0.002388 0.030080 0.034327 0.024429 0.003917 0.053261 0.006602 0.068424 0.087337 0.012443 0.004772 0.023661 0.063252 0.075897 0.039660 -0.009236 -0.014943 0.013537 0.018300 0.027411 0.042954 0.062147 0.044349 0.045032 0.006714 0.033635 0.001839 0.019226 0.021412 0.049471 0.038839 0.008372 0.049200 0.025639 0.018843 0.031824 0.026819 0.004857 -0.017133 0.008430 0.008591 -0.002200 0.016568 0.016296 -0.005525 0.003560 0.028321 0.018564 0.039343 0.050981 0.004270 0.005144 0.043626 0.081658 0.048000 0.062556 0.020001 0.021365 0.023586 0.024191 0.002834 0.080270 0.015367 0.006660 0.024705 0.013180 0.064249 0.021086 0.048744
0.018371 0.004125 -0.042911 0.021641 -0.041721 -0.000701 0.000000 -0.013821 0.037645 0.011769 -0.010756 0.024217 -0.009673 0.030041 -0.002307 0.036404 0.054834 -0.017162 -0.062056 0.017887 -0.025091 -0.035392 0.007908 -0.012696 0.055295 0.018948 0.025327 -0.012797 -0.003300 0.024318 -0.001900 0.049015 0.024435 -0.018292 0.018383 0.026154 0.007600 0.021097 0.054037 -0.014617 0.019922 0.021341 0.044491 0.033769 -0.020505 -0.001583 0.024592 0.016955 0.010060 -0.031712 -0.014528 0.044807 0.027572 0.007642 0.026395 -0.003931 -0.004129 -0.039787 0.035182 -0.019393 -0.022657 -0.007450 0.041920 -0.020790 -0.013776 0.007557 0.028205 0.016794 0.032328 0.009421 0.027816 0.004868 -0.024419 -0.011988 0.042784 -0.009401 0.012484 0.028894 0.002870 0.031479 -0.006501 -0.016122 0.012241 0.001132 0.008113 0.008882 0.013628 -0.000600 0.012001 -0.009969 -0.025665 0.013967 -0.005918 0.023055 -0.024679 -0.031362 -0.008161 -0.000430 0.028755 0.042730 0.013531 0.012748 0.035059 -0.035060 -0.017748 -0.021424 0.019265 0.023629 -0.027609 0.014736 -0.042076 0.005331 0.023155 0.001354 0.008010 0.010515 0.018056 0.006120 0.037873 0.027707 0.021021 0.014327 -0.026192 0.052315 0.005119 0.000123 0.001284 0.017557 0.018668 0.006603 0.019024 0.023880 0.003747 -0.015917 0.028567 -0.004218 0.028501 -0.000852 0.018699 0.030425 -0.000483 0.008400 0.025149 0.056986 0.017593 -0.008203 -0.012783 -0.010969 0.004506 0.019948 -0.004229 0.008474 0.020213 -0.010916 0.002074 -0.017624 -0.006971 0.022222 0.041455 -0.012679 0.003371 0.022991 -0.044442 0.052547 0.006114 -0.029112 -0.011549 0.030830 -0.009227 -0.000213 -0.012687 -0.014325 -0.023139 -0.056425 0.029718 0.028890 -0.001496 0.019055 -0.004510 0.001739 0.005374 -0.041281 -0.001835 0.028281 0.012412 0.018162 0.005557 -0.020255 0.033294 0.014781 -0.015690 0.049797 0.037857 0.025138 0.011357 0.016370 -0.035037 0.038951 -0.002561 -0.007958
0.025181 0.013043 -0.001542 0.024391 0.009851 0.046146 -0.013821 0.000000 0.008878 -0.011413 0.038663 0.007495 0.016833 0.016550 0.012747 0.028872 -0.006967 -0.068676 0.003430 0.015995 0.121652 -0.004321 0.013140 0.043177 0.012894 0.021522 0.024970 0.128759 0.010768 0.014219 0.047552 0.020052 0.045263 0.025652 0.040619 0.003014 0.006337 -0.018759 -0.000255 -0.012255 0.029036 0.029859 0.027909 -0.020261 -0.063876 -0.013505 0.018398 0.010468 0.025688 0.046335 0.030408 0.003557 0.007258 0.042421 0.006182 0.008435 0.019281 0.000613 0.022178 0.118559 -0.013599 0.027971 0.034778 0.025564 0.115052 0.044235 0.015831 -0.021046 0.031642 0.020433 -0.002507 0.024600 0.019820 0.027640 0.000806 0.060333 -0.015246 0.042232 0.021689 -0.016490 0.007115 0.000815 0.039617 -0.016146 0.037055 -0.015661 0.023446 0.058817 -0.000838 0.077471 0.005475 0.032860 0.027361 -0.041332 0.008492 0.041283 0.031191 0.042172 0.026366 0.042263 0.014968 -0.005353 0.016536 0.024628 0.011510 -0.005219 0.020036 -0.019070 0.012756 0.023333 0.115317 0.034983 0.019072 0.023764 0.000282 0.021552 0.053453 -0.020786 0.020673 -0.030414 0.038741 0.024658 0.070092 0.005752 0.022822 -0.015542 -0.012965 0.043691 0.049901 -0.006088 0.004676 -0.002430 0.010683 0.088362 0.002276 0.036739 0.033709 -0.002899 0.003809 0.028515 0.001783 0.032578 0.054327 0.006425 0.007934 0.032001 -0.005109 -0.050537 -0.005043 0.040873 0.014245 0.011249 0.054258 0.067814 0.027960 0.023714 0.047282 -0.007431 0.020187 -0.009610 0.077295 0.037291 0.023242 -0.009292 0.011956 -0.017795 0.031112 0.023159 0.024854 0.034933 0.006873 0.010862 0.032593 -0.003291 0.011232 -0.010111 0.013018 -0.006169 0.053027 0.038913 0.045415 0.065574 0.029944 0.028226 0.069913 -0.022221 0.010433 0.057466 0.034865 0.019271 -0.001954 -0.036506 -0.011035 -0.014343 -0.017758 0.036717 0.067000 0.019507 0.035742 0.060936
0.000216 -0.020575 -0.006940 0.018173 0.021634 0.024019 0.037645 0.008878 0.000000 0.045802 0.008012 0.054797 0.030971 -0.003190 0.009150 -0.000044 0.024653 0.002555 -0.002714 0.016101 -0.004794 0.004312 0.039976 -0.008584 0.041922 0.003625 0.023706 -0.023302 0.032737 0.062251 0.012831 0.023669 0.003125 0.020865 0.025421 0.038864 0.034643 0.017323 0.030432 0.033130 0.046379 0.047126 0.025787 -0.000042 0.014208 0.039261 0.026314 0.047056 0.011285 0.015768 0.005585 0.042543 0.013402 0.015814 0.046358 0.029536 0.021417 -0.007880 0.024995 -0.008529 0.006050 0.047153 0.023654 0.019725 -0.004668 0.009302 0.038022 0.047840 0.000649 0.020081 -0.012551 0.004105 0.025947 0.017288 0.046574 0.012029 -0.004853 0.009106 0.021552 0.014952 0.016356 0.019798 0.006620 0.039259 -0.017644 0.006524 0.014961 -0.011190 0.016954 -0.002500 0.004648 0.048805 0.013001 0.017928 0.012108 -0.022116 0.010872 0.025177 0.044027 0.013955 0.009723 -0.003302 0.057899 0.028345 0.006494 -0.003771 -0.007036 0.009762 0.014896 0.003181 -0.012427 0.011916 0.036522 0.019375 0.016329 -0.000674 -0.021577 0.014979 0.019923 -0.002184 0.009683 0.036771 -0.012745 0.063370 0.040208 -0.009654 0.018014 0.017788 0.026483 -0.000200 0.003406 0.013593 0.011387 -0.005605 0.016233 0.016061 0.027399 0.019805 0.026977 -0.006437 -0.001584 0.013888 0.033131 0.019140 0.045849 -0.005965 0.011935 -0.007800 0.029146 -0.016559 0.033160 0.032175 -0.003580 0.005079 0.030522 0.021727 -0.003474 -0.009966 -0.004925 -0.008607 0.033605 0.027553 0.016104 0.029366 0.004756 0.024996 0.060641 0.058334 0.032865 0.015965 -0.018316 0.021848 0.009740 0.004505 0.007265 0.009761 0.027190 0.047581 0.028019 0.009334 -0.018561 0.011726 0.040442 0.036839 0.010746 -0.006923 0.031485 -0.018116 0.013569 0.008502 0.017510 0.017090 0.012122 0.026149 0.004242 0.021536 0.008540 0.044399 0.037886 -0.007360
-0.031039 -0.009565 0.015725 0.010712 0.042716 0.011884 0.011769 -0.011413 0.045802 0.000000 -0.002380 0.035746 0.015655 0.013084 0.000689 0.007777 0.041505 0.006697 0.004402 -0.014178 -0.017744 0.016520 0.013195 -0.011734 -0.001557 -0.032665 0.021271 -0.022222 0.018531 0.027418 0.014783 0.020173 -0.004928 0.032043 -0.003092 0.022150 0.028742 0.012802 0.021921 0.023735 0.004787 0.032767 0.014331 0.017759 0.009677 0.036770 0.012794 0.031750 0.016000 0.020256 0.038049 0.068689 0.015779 0.005446 0.011423 0.008693 0.040690 0.021978 -0.027302 -0.002100 0.015081 0.021670 0.037779 0.025210 -0.013030 -0.004497 0.008349 0.026574 -0.003124 0.012498 0.017769 0.022348 0.033052 0.017146 0.023058 -0.006089 0.037097 0.014707 -0.005315 0.037157 -0.003362 0.032591 -0.007733 0.026109 -0.025688 0.016458 0.015365 0.001492 0.019263 -0.011501 0.024542 0.031871 0.012940 0.017785 0.037936 -0.024400 0.031263 0.004089 0.053683 -0.002688 0.003484 -0.030363 0.033840 0.024061 0.004751 0.016078 -0.014328 0.005597 0.043014 0.013861 -0.028117 0.021605 0.023958 0.051091 0.015342 -0.009889 -0.009962 0.015443 -0.029352 0.050761 0.004524 0.042709 -0.024377 0.039646 0.008929 -0.010314 0.054214 -0.008369 0.006314 0.002674 -0.008993 0.025425 0.028191 -0.016380 0.000322 0.008961 0.008857 0.001997 0.030794 0.001113 -0.002100 -0.005143 0.007583 -0.010026 0.034322 -0.020881 0.011608 0.001717 0.023229 -0.014686 0.024765 0.009118 -0.013110 0.009698 0.024743 0.035639 0.009056 -0.011241 -0.000617 0.009821 -0.010517 0.036324 0.025522 0.014049 0.015787 0.051601 0.037854 0.021171 0.040009 -0.005922 -0.010865 0.005062 0.018788 0.017404 -0.011746 0.036439 -0.009266 0.016583 0.013174 -0.002734 0.001091 -0.004309 0.048116 -0.002279 -0.005842 0.018110 0.026586 -0.013681 0.014272 0.010845 0.045118 0.015280 0.030347 0.030490 0.001422 0.001726 -0.008849 0.036210 0.039070 -0.002831
0.073389 0.037494 0.043191 0.032068 0.072397 0.012427 -0.010756 0.038663 0.008012 -0.002380 0.000000 0.055020 0.016194 0.020505 0.015007 0.023939 -0.019775 -0.068183 0.052773 0.020900 0.067064 0.046740 0.008924 0.067656 0.017642 0.047815 0.020158 0.058320 -0.000270 0.002241 0.045950 0.062691 0.045165 0.007006 0.033719 -0.001612 -0.008184 0.004272 0.040950 0.034323 0.010844 0.079263 0.043198 0.049354 -0.064881 0.027924 0.015953 0.019141 0.060495 0.030085 0.058413 -0.007342 0.089473 0.103194 -0.007934 0.014109 0.062663 0.023088 0.027768 0.058416 0.043835 0.037340 0.022429 0.010111 0.077105 0.070256 0.003958 -0.046575 0.028846 0.087505 0.054221 0.059310 0.039560 0.068793 0.044280 0.041461 0.011365 0.056717 0.020749 -0.013266 0.064984 0.026119 0.018402 -0.009765 0.053993 -0.015675 0.036294 0.011315 0.067189 0.056806 0.041820 0.001506 0.023684 -0.033418 0.031027 0.044873 0.061495 0.017492 0.010961 0.038396 0.055520 0.034310 0.025777 0.066855 0.095669 0.022482 0.050281 0.045481 0.063683 0.001605 0.068657 0.030184 0.046150 0.049630 0.011737 0.024571 0.020565 0.004615 0.038506 -0.002548 0.036272 0.034242 0.039947 0.051667 0.001738 0.001479 0.014607 0.042594 0.032045 0.001891 0.031563 0.020686 0.050897 0.053726 0.005808 0.039507 0.027810 0.067425 0.076793 0.081186 0.021250 0.082181 0.063270 0.043004 0.016304 0.044952 0.048952 -0.057143 0.043848 0.065724 0.032600 0.015215 0.044413 0.017928 0.008527 0.036594 0.013140 0.032834 0.052671 0.013713 0.024956 0.004261 0.032675 0.001174 0.009558 0.028060 0.050135 0.007879 0.066436 0.052361 0.028841 0.043865 0.038978 0.006272 0.044557 -0.001664 0.071776 -0.009611 0.087021 0.016672 0.046014 0.030377 0.106195 0.041263 0.057884 0.054915 0.050096 0.051033 0.046663 -0.005984 0.031491 -0.003940 0.061402 -0.016273 0.024873 0.045557 0.035398 0.027347 -0.000932 0.067821
0.047226 0.062911 -0.001074 0.033871 -0.025262 0.037545 0.024217 0.007495 0.054797 0.035746 0.055020 0.000000 0.034016 0.088245 0.026036 0.027854 0.072610 0.038698 0.001423 0.022655 0.024060 -0.020224 -0.029038 0.030489 -0.006280 0.039360 0.056651 0.032894 0.046803 0.035807 0.049655 0.057827 0.047274 0.020622 0.011180 0.036934 0.018308 0.051532 0.041348 0.044199 0.052928 0.006533 0.056637 0.034159 0.034176 0.036134 0.034005 0.027118 0.031809 0.030162 -0.030304 0.052040 0.048988 0.030018 0.047714 0.004465 -0.001188 -0.004769 0.036850 0.019237 0.005690 0.017008 0.048296 0.035277 0.047676 0.047794 0.056114 0.021519 0.084300 0.037304 0.029235 0.051703 0.039034 0.017390 0.056016 0.039285 0.033326 0.051001 0.026218 0.016406 0.039820 0.013751 0.038129 0.038654 0.043144 0.023265 0.012001 0.008253 0.038333 0.017223 0.013108 0.028272 0.044433 0.030023 0.001264 -0.000483 0.023777 0.027656 0.019716 0.050532 0.053740 0.025466 0.051608 -0.003848 0.030424 0.009901 0.071290 0.036735 -0.029154 0.033226 0.025607 0.041009 -0.003062 0.021917 0.049021 0.001399 0.083533 0.029657 0.048914 0.047931 0.023540 0.027735 0.022504 0.034742 0.043265 0.025018 0.029851 0.057112 0.044970 0.018753 0.037417 0.055188 0.018834 0.045285 0.040598 0.035128 0.046872 0.032665 -0.003896 0.057922 0.013596 0.008470 0.039880 0.048354 0.038578 0.029203 0.051719 0.007835 0.026613 0.049796 0.021605 0.044922 0.075085 0.008784 0.016106 0.021611 0.024176 0.040754 0.044800 0.009903 0.051308 0.025114 0.043516 0.042809 0.042045 0.022701 0.046468 0.062296 0.005811 0.020813 -0.010480 0.004431 0.003295 0.023918 0.038264 0.024794 0.031697 0.034077 0.028548 0.017405 0.029781 0.019309 0.007296 0.062428 0.047790 0.041875 0.049304 0.032850 0.051141 0.025035 0.012069 0.034335 0.067284 0.037864 0.012637 0.073103 0.047034 0.029206 0.012729 0.043673
0.018177 -0.002504 -0.012742 0.032132 0.005929 -0.009060 -0.009673 0.016833 0.030971 0.015655 0.016194 0.034016 0.000000 0.022596 0.019114 0.047889 0.045100 -0.003097 -0.018279 0.053273 -0.027809 -0.025844 0.020193 -0.001925 0.008363 0.017009 0.057601 0.001221 -0.010216 0.054246 0.030995 0.047168 0.002337 0.061708 0.025585 0.030261 0.041571 -0.037292 0.044878 -0.027376 0.021328 0.013525 0.036658 0.038192 0.008199 -0.010822 0.036820 0.056243 0.008146 0.046080 0.028532 0.044108 0.037311 0.026253 -0.021395 0.017782 0.026380 -0.010272 0.030598 0.009331 -0.007736 0.050215 0.051175 0.020891 -0.026276 0.006886 0.042095 0.028886 0.040146 0.050871 0.027443 0.027567 0.016744 0.056119 0.025973 -0.023334 0.016712 0.042288 -0.023006 0.016208 -0.008210 0.021186 0.025015 0.021137 -0.007965 0.014959 0.026533 -0.000680 0.041297 0.015869 0.002502 0.039562 0.052834 0.024652 -0.016223 -0.012702 0.008836 0.018900 0.048408 0.066484 0.032031 -0.000741 0.019125 0.004624 0.009289 -0.026429 0.030812 0.032620 0.006244 0.026907 -0.017048 0.032964 0.041270 0.043581 0.011285 0.002650 0.020375 0.012426 0.012803 0.014080 0.035511 0.025823 -0.040562 0.042860 -0.031502 0.006037 0.012540 0.012468 0.055165 0.002348 0.014837 0.046069 -0.020294 -0.002835 0.039175 0.035376 0.045897 0.012275 0.005745 0.022197 0.031362 0.006111 0.031714 0.058927 0.033182 -0.003187 0.012725 0.004875 0.015641 0.013204 0.038335 0.018874 0.023111 -0.003520 0.044862 0.055399 -0.017259 -0.000609 0.033637 0.000900 0.039327 0.026677 -0.001673 0.075941 0.023623 0.018025 0.000362 -0.018279 0.049888 0.020331 0.011432 0.034941 -0.006605 -0.007968 0.018502 0.003260 0.014749 0.041236 0.042963 0.015217 0.041074 -0.022779 0.026645 0.031674 0.030588 0.003561 0.037200 -0.022068 0.041519 0.040696 -0.020305 0.030710 -0.006293 0.035547 0.010504 0.012853 -0.022828 0.055447 0.029324 0.003928
0.030794 0.037022 0.070525 0.003124 0.058518 0.076442 0.030041 0.016550 -0.003190 0.013084 0.020505 0.088245 0.022596 0.000000 0.034589 -0.020748 0.019916 -0.056052 0.108558 0.041041 0.004399 0.065486 0.000258 0.017884 0.043696 0.005310 -0.011163 -0.002507 0.074380 0.017498 0.022631 0.024033 0.039513 -0.003845 0.003524 0.007004 -0.000744 0.056658 0.013415 0.096326 0.005243 0.074352 0.002542 0.044967 -0.037040 0.091436 0.020714 0.010699 0.031933 0.004321 0.030419 0.027882 0.037578 0.084240 0.073466 0.048316 0.025590 0.034555 0.043082 0.013944 0.035411 0.009028 0.010101 0.011281 0.036507 0.030368 0.017140 -0.006299 -0.034166 0.061778 0.025171 0.016468 0.017321 0.000418 0.052851 0.071370 0.013163 0.002321 0.024743 0.008864 0.123023 0.051508 0.016387 -0.007426 0.021423 -0.004013 -0.006394 0.002765 0.057353 0.023015 0.029445 -0.018579 -0.002974 -0.020687 0.020838 -0.015351 0.079072 0.006655 0.027025 -0.001323 0.020790 0.020360 0.031725 0.051762 0.072381 0.087024 0.009634 0.037431 0.037820 -0.007719 0.003341 0.030438 0.031206 0.043597 0.012940 -0.007108 -0.007190 -0.002883 0.035374 -0.008971 -0.021246 0.043185 0.018939 0.055170 0.076992 -0.007965 0.025515 0.022761 -0.025634 0.000711 0.021662 0.015987 0.041595 0.026076 0.011622 0.050345 -0.003580 0.039852 0.047380 0.047465 -0.023518 0.052900 -0.013848 0.018344 0.000837 -0.001233 0.117038 -0.033403 0.020669 0.031321 0.006368 -0.013444 -0.005582 0.009044 -0.014914 0.007302 0.011450 0.014109 0.030651 0.016348 0.039322 0.022207 0.086605 0.000449 -0.000107 0.024926 0.079711 0.059379 0.018905 0.036747 -0.013457 0.000516 0.007611 0.060150 0.034673 -0.004965 0.026590 -0.001211 0.059025 0.001778 -0.013683 0.027473 0.075402 0.041275 0.028900 0.004745 0.025933 0.008836 0.044617 0.006525 0.067284 0.012958 0.050089 -0.004582 0.029666 0.027537 0.075475 0.001244 0.011192 0.044533
-0.013018 0.017799 0.047744 0.016060 0.057728 0.043467 -0.002307 0.012747 0.009150 0.000689 0.015007 0.026036 0.019114 0.034589 0.000000 0.011378 0.010167 0.062687 0.044975 -0.026974 0.014013 0.047978 -0.000419 -0.007453 0.015237 -0.026530 0.000288 0.019139 0.067459 -0.011026 -0.001694 0.008514 -0.006026 0.014451 0.001270 0.011458 0.036167 0.020643 0.008698 0.054151 -0.017309 0.009394 -0.014698 0.008812 0.049293 0.073393 0.006643 0.050451 0.020523 0.024911 0.012809 0.019403 -0.004716 0.007303 0.044425 0.005707 0.017821 0.068820 -0.023703 0.025254 0.011429 0.019195 0.001280 0.031455 0.023641 0.012346 0.002469 -0.024762 0.010504 0.012102 -0.028093 0.022635 0.039363 -0.017477 0.026899 0.034407 0.011669 0.000348 0.025964 0.007261 0.034497 0.025663 -0.018336 0.042554 -0.008639 -0.012347 -0.017378 -0.005118 0.027792 0.014833 0.047509 -0.012952 0.006864 0.033847 0.037715 -0.000113 0.020834 -0.003315 0.016975 0.003015 -0.006431 -0.021329 -0.013136 0.057176 0.041283 0.038082 -0.000853 -0.001254 0.048051 0.003418 0.014095 0.010665 -0.015882 0.029834 0.022910 -0.023732 0.006837 0.001558 0.007113 0.005250 -0.017154 0.043319 0.019853 -0.027848 0.033089 -0.005237 0.030809 -0.005533 -0.005607 -0.019928 -0.010504 -0.008105 0.049123 0.014055 0.034206 0.026201 0.015012 0.005465 0.077688 -0.001127 -0.008743 -0.004886 -0.006917 0.008142 0.004629 -0.020559 0.039216 0.015165 0.012307 0.013444 0.022623 0.024629 0.013559 0.000043 -0.026097 0.009751 -0.003836 -0.007336 0.003141 -0.011262 0.012450 0.005252 0.044022 0.025269 0.002581 0.020460 0.035449 0.030169 -0.016780 -0.020237 -0.025137 -0.005042 0.017417 0.053688 0.000590 0.000151 0.016926 -0.004299 0.042084 -0.006354 -0.011974 0.009448 0.011940 -0.002949 0.014293 0.027338 0.028197 0.007416 0.016979 -0.013690 0.057728 0.002562 0.046121 -0.005869 -0.005101 -0.001268 0.035508 -0.027105 0.011572 0.020201
-0.007944 -0.025090 -0.013723 0.039712 0.021272 0.038873 0.036404 0.028872 -0.000044 0.007777 0.023939 0.027854 0.047889 -0.020748 0.011378 0.000000 0.013937 -0.031318 0.008148 0.038954 0.018850 0.004039 0.035925 0.056290 0.034225 0.005780 0.023886 0.044514 0.023509 0.014782 0.058387 0.013466 0.023946 0.064193 0.030337 0.027286 -0.003451 0.010738 0.054099 0.031156 0.029620 0.047970 0.021430 -0.022934 -0.022565 0.010760 0.016693 -0.010171 0.021542 0.042506 0.014617 0.028735 0.023382 -0.002759 0.034301 0.036841 0.035838 -0.013289 0.035000 0.016553 0.031190 0.030633 0.069977 0.032014 0.022915 0.038030 0.013155 -0.009984 0.025836 -0.007018 0.019104 0.009832 0.024408 0.036038 0.077554 0.030655 -0.009977 0.008935 0.033073 0.010355 0.007679 0.017599 0.039297 -0.004658 -0.011143 0.014744 0.019905 -0.001652 -0.012864 0.026718 -0.002985 0.016997 0.059133 -0.003409 0.021027 0.032682 -0.002773 0.025578 0.046812 0.060794 0.017961 -0.025534 0.028950 0.029773 0.007086 -0.001192 0.026203 -0.031559 0.008168 0.008191 0.012494 0.032949 0.051765 0.031132 0.014893 0.056348 -0.005191 0.011555 0.033514 -0.016694 0.058236 0.010731 0.010493 0.040800 0.039948 -0.000890 0.012005 0.023819 0.045005 -0.011001 -0.033955 0.018588 0.014868 0.022705 -0.000275 0.045772 0.019553 0.020857 0.008403 -0.005421 0.027565 0.010290 0.048677 0.010442 0.026908 0.033570 -0.002453 -0.044148 0.034760 -0.024814 0.060424 -0.013318 0.018867 0.032188 0.001111 0.061693 0.012064 -0.002617 0.004241 -0.002558 0.044204 0.002821 0.040602 0.026098 0.032519 0.008762 0.064254 0.029194 0.054788 0.016322 0.043777 0.000553 0.011067 -0.008421 0.006358 -0.025594 -0.006386 -0.004233 0.003328 0.047137 -0.008524 0.055384 0.059613 0.052407 0.059249 -0.007835 0.016460 0.044161 -0.021100 0.002612 0.010863 -0.019779 -0.003741 -0.019041 -0.005409 0.042904 0.033622 0.027499 0.010002 0.056740
0.023992 0.003987 -0.012567 0.044825 0.011102 0.043427 0.054834 -0.006967 0.024653 0.041505 -0.019775 0.072610 0.045100 0.019916 0.010167 0.013937 0.000000 -0.012335 0.018310 0.099018 -0.031442 -0.002397 0.022239 0.051752 0.061640 0.036737 -0.005632 -0.006673 0.023106 0.010845 0.047086 0.029313 0.054137 -0.009966 0.026020 0.037385 0.015421 0.006525 0.042030 0.033571 0.024413 0.050074 0.011284 0.018417 -0.012531 -0.018199 0.048533 0.022189 -0.001051 0.030506 -0.018650 0.028029 0.038794 0.046712 0.054124 0.070507 0.004968 -0.036789 0.118521 -0.020346 -0.009134 0.016416 0.003867 0.034020 0.000149 0.029178 0.040996 0.018637 0.023336 0.029490 0.030405 -0.023526 -0.019785 -0.003584 0.057963 0.037236 0.012687 -0.013032 0.023222 0.038132 0.042538 0.000593 0.050944 0.008038 0.014831 -0.001396 0.007903 -0.017256 0.017034 -0.003825 -0.036517 -0.005575 0.030751 0.023380 -0.022116 -0.018422 0.021179 -0.005379 0.009667 0.025903 0.017079 0.033846 0.008821 -0.046309 0.003664 0.006838 0.017079 0.011145 -0.017701 0.008276 -0.032846 0.045712 0.058522 0.007489 0.030718 -0.000709 0.013644 0.006381 0.068671 0.012690 0.040197 0.012487 -0.011141 0.072831 0.050299 0.007932 -0.013627 0.064902 0.009566 -0.006578 0.043713 0.040251 -0.029389 0.007765 0.026768 0.049051 0.030637 0.036732 -0.014494 -0.011193 -0.005976 0.032473 0.027959 0.047086 -0.007392 0.024580 0.050423 -0.012167 0.011379 0.007371 0.000888 -0.006213 -0.002066 -0.020423 0.004827 0.006512 -0.027234 0.039907 0.027932 -0.016909 0.048464 0.013010 0.035845 0.066122 0.008391 -0.014264 0.031755 0.072466 0.016403 0.056390 -0.024212 0.014570 -0.020299 -0.031028 0.047806 0.008232 0.027244 0.036184 0.021637 0.011391 -0.007209 0.027440 0.041146 0.065644 0.037138 -0.020984 -0.000146 0.010484 0.046949 0.023254 0.003709 0.046971 -0.047969 0.027005 0.009592 0.025011 0.040860 0.018593 0.013132 0.035457
-0.018764 -0.059118 -0.013212 -0.026618 0.064320 -0.007713 -0.017162 -0.068676 0.002555 0.006697 -0.068183 0.038698 -0.003097 -0.056052 0.062687 -0.031318 -0.012335 0.000000 -0.009646 0.017816 -0.051721 0.045996 -0.004823 -0.078815 0.016661 -0.030450 -0.011624 -0.051220 0.008753 0.019109 -0.028872 -0.003928 -0.044281 -0.049259 -0.041163 0.012267 0.031897 -0.008756 -0.023360 0.067950 0.009476 0.032184 -0.028401 0.014159 0.048007 0.035455 0.053236 0.034886 -0.020273 -0.042345 0.021273 0.040061 0.021270 -0.014682 0.034922 -0.002498 0.021841 0.011744 0.017497 -0.050845 -0.033682 0.001665 -0.030196 -0.024714 -0.035580 -0.075834 -0.014028 0.053781 -0.082570 -0.016531 0.022489 -0.037699 -0.041824 -0.034679 0.027870 -0.025278 0.019303 -0.033750 -0.046471 -0.007200 0.001982 -0.003709 -0.020701 0.012885 -0.063328 0.035662 -0.029931 -0.075207 -0.007382 -0.058710 0.003454 -0.021386 -0.047717 0.013244 -0.003091 -0.071648 0.004198 -0.062750 -0.020511 -0.017797 -0.024887 -0.028450 -0.002857 0.007170 -0.027659 -0.003090 -0.092564 -0.002876 0.034161 -0.015217 -0.071674 0.036775 0.021463 -0.015070 -0.032268 -0.072124 -0.104217 -0.004293 -0.028881 -0.003314 -0.052565 0.017206 -0.068147 0.048758 0.014279 -0.000307 0.011759 -0.045332 -0.024273 0.041740 -0.006174 -0.026265 0.006683 -0.050785 0.015290 -0.020903 -0.009320 -0.020855 0.024204 -0.041969 -0.047150 -0.010258 -0.050525 -0.030343 0.012954 -0.096755 0.010320 0.054284 0.014077 -0.072630 -0.030657 -0.001046 -0.067930 -0.068555 -0.001461 -0.051133 -0.065998 -0.019815 -0.023502 0.044487 -0.007545 0.012683 -0.006806 -0.004002 -0.063762 -0.017628 0.028548 0.016612 -0.002809 -0.029730 -0.093984 -0.037867 -0.009434 -0.010657 -0.022941 0.007452 -0.027598 0.008212 -0.011458 -0.056786 -0.039081 -0.027314 0.024393 -0.013587 -0.046892 -0.009045 0.017631 -0.051745 -0.002284 0.013102 0.021268 0.002011 0.017026 0.008077 -0.023306 -0.037788 -0.008135 -0.003906 0.033273 -0.053577
0.002533 0.056212 0.072175 0.013400 0.043098 0.003319 -0.062056 0.003430 -0.002714 0.004402 0.052773 0.001423 -0.018279 0.108558 0.044975 0.008148 0.018310 -0.009646 0.000000 -0.036557 0.057353 0.046095 -0.035289 0.037078 -0.024127 -0.011673 0.027695 0.037997 -0.008317 0.011581 0.011445 0.079565 0.022658 0.014142 0.009489 0.001642 0.008713 -0.013494 0.030714 0.021233 0.029062 0.008370 0.039504 -0.012280 -0.017190 -0.004710 0.027335 0.036043 0.065866 -0.007223 0.082647 0.044576 0.044987 -0.002096 0.014255 -0.048370 0.044004 0.075107 -0.025148 0.022739 -0.029912 0.057214 0.038246 0.035544 0.028585 0.033944 0.015459 -0.014372 0.042605 0.013437 0.053159 0.080458 0.012016 0.042084 0.020102 0.026094 -0.013186 0.068416 0.028715 -0.008482 -0.028842 -0.006855 -0.016635 0.036825 0.030508 -0.014995 0.060742 0.013781 -0.019222 0.044420 0.093511 0.023767 -0.009464 0.000953 -0.006710 0.024380 0.032884 0.003804 0.006440 0.040652 0.087600 -0.043981 0.040887 0.083043 0.039813 0.035109 0.051392 -0.026208 0.127816 0.037685 0.045843 0.034335 -0.015287 -0.018973 -0.007689 0.024560 0.054838 -0.000104 -0.013918 0.013757 0.030699 0.062287 0.039857 0.013264 -0.019485 -0.016037 0.032318 0.014304 0.044917 0.032510 -0.025903 -0.007419 0.046929 0.048298 0.025742 -0.002302 -0.002481 -0.009032 0.101300 0.117623 0.018092 -0.034840 0.038586 0.016872 0.065629 0.021687 -0.041553 -0.006020 0.003785 0.043306 0.002435 0.006186 0.054673 0.015616 0.029508 -0.045637 0.013404 -0.012674 0.007322 0.039124 0.038633 0.026076 0.009957 0.029573 0.012121 0.019837 -0.013786 0.012956 -0.009844 -0.029968 -0.007687 -0.013928 0.005199 0.070222 0.003025 0.002273 -0.027233 0.015741 0.027952 0.016828 0.052083 0.039145 -0.027053 0.001158 0.057619 0.071506 0.054726 0.030370 0.039582 0.010426 0.028932 -0.024249 0.101621 -0.014892 -0.025025 0.026416 0.001857 0.033096 0.032822 0.062844
0.008587 0.029962 -0.011567 0.020960 -0.018921 0.010236 0.017887 0.015995 0.016101 -0.014178 0.020900 0.022655 0.053273 0.041041 -0.026974 0.038954 0.099018 0.017816 -0.036557 0.000000 -0.006139 -0.014349 0.020053 -0.013157 0.038854 -0.001301 0.022811 -0.004963 0.017114 0.027763 0.011488 0.026854 0.021682 0.062750 0.040336 0.008187 0.000585 0.011708 0.088385 0.001392 0.000287 0.017453 0.018884 0.020231 -0.017047 0.006994 -0.025446 0.037573 0.026699 0.025604 0.001086 0.043954 0.064565 0.015220 0.010591 0.032217 0.006774 -0.014414 0.039744 0.006691 0.030354 0.037329 0.068906 0.031103 -0.007956 0.003707 0.012014 -0.010062 0.053875 0.034106 0.045838 0.039252 0.050757 0.053613 0.058824 -0.002164 -0.002965 0.029886 0.021168 0.008312 0.003009 0.036056 0.011924 0.015986 -0.012834 0.001368 0.021952 0.018978 0.027286 0.013422 0.043244 0.016213 0.033346 0.027470 0.025789 0.003084 0.006566 0.023343 0.067091 0.057934 0.028235 -0.009095 0.027764 0.015576 0.006416 0.014546 0.042092 0.028249 -0.007680 0.016306 -0.015703 0.034179 0.039400 0.049676 0.067855 0.000078 0.015825 0.005735 0.025457 0.019555 0.022451 0.021074 0.002940 0.026720 -0.002807 -0.007297 0.052236 0.016090 0.050890 -0.013928 0.003447 0.036059 0.017891 -0.006514 0.017347 0.013208 0.044279 -0.011069 0.032157 0.031306 0.007979 -0.007979 0.002653 0.083926 0.029987 -0.008502 -0.002516 -0.047389 0.049666 0.010785 0.059588 -0.015494 0.006118 0.022624 0.008953 0.043699 0.013953 0.005778 0.017133 -0.022283 0.059206 -0.015316 -0.004777 0.105500 0.023778 0.045188 0.013914 0.014746 0.025234 0.009541 0.022942 0.009984 0.018010 -0.001562 0.010212 -0.000598 -0.000019 0.010058 0.014699 0.011197 0.028518 0.006433 0.012338 0.005729 0.010952 0.058851 0.083803 -0.014125 0.022546 0.019804 0.000213 -0.003806 0.044963 -0.001272 -0.004357 0.006808 -0.034318 0.041666 -0.001753 -0.007549
0.029266 0.031981 0.032270 0.013258 0.018734 0.029577 -0.025091 0.121652 -0.004794 -0.017744 0.067064 0.024060 -0.027809 0.004399 0.014013 0.018850 -0.031442 -0.051721 0.057353 -0.006139 0.000000 -0.000032 0.000197 0.065945 -0.016226 0.013145 0.039392 0.124354 0.004967 -0.009645 0.034054 0.026823 0.024233 0.003117 0.031724 0.005363 -0.002292 -0.021389 -0.021120 -0.009881 0.020830 0.020227 0.019732 -0.009743 -0.058672 0.003658 0.009671 -0.003537 0.024774 0.026591 0.031428 -0.011077 0.003339 0.055200 -0.030353 -0.002218 0.025323 0.020186 -0.006676 0.110934 -0.009013 0.039671 0.032464 -0.011600 0.095188 0.067500 -0.000199 -0.051691 0.045469 0.035397 0.000711 0.063886 0.044379 0.022136 -0.002059 0.054523 -0.033611 0.050874 0.015907 -0.032226 0.023875 0.004083 0.020149 -0.033086 0.048718 -0.017721 0.027370 0.057459 0.016148 0.067175 -0.000397 0.038433 0.024187 -0.040836 -0.003482 0.113751 0.036261 0.058086 0.012428 0.023381 0.033986 0.003091 0.019297 0.042771 0.058820 -0.010291 0.038537 -0.001770 0.036524 0.016164 0.083862 0.036352 -0.001456 0.011038 -0.022513 0.044205 0.063033 -0.002638 0.001246 -0.041885 0.055501 0.032441 0.079895 -0.006316 -0.007221 -0.017476 -0.023686 0.030044 0.052672 0.008908 -0.005993 -0.017646 0.007735 0.084279 -0.009942 0.030076 0.027755 0.020848 0.019548 0.044362 0.007108 0.044887 0.048544 -0.006015 0.042940 0.066352 0.009091 -0.038789 -0.030588 0.056501 -0.010665 0.005990 0.072656 0.084096 0.032944 0.016724 0.077075 0.004906 -0.005458 0.013392 0.019955 0.007241 0.031577 -0.035265 -0.002757 -0.011245 0.023442 -0.000469 0.009447 0.025554 0.048046 0.026811 0.009866 0.028092 0.011352 -0.025666 0.029055 -0.019207 0.061120 0.035711 0.031170 0.022351 0.027154 0.020926 0.092596 -0.030542 -0.014791 0.056551 0.024112 -0.003944 0.010182 -0.038342 0.005260 -0.039902 -0.010021 0.028004 0.080347 0.023040 0.027389 0.073460
