-0.000000 0.035337 0.055796 0.051605 0.023821 0.058452 0.004271 0.074647 0.011754 -0.040751 0.083156 0.010523 0.023407 0.037374 0.026268 0.029332 0.017755 -0.032737 0.067909 0.012906 0.064052 0.044036 0.013860 0.070230 0.046905 0.079299 0.041842 0.097928 0.034681 0.046965 0.098434 0.063898 0.012120 -0.016475 0.060165 0.013415 0.004402 0.039679 0.033210 0.030240 -0.016493 0.015945 0.076759 -0.038979 -0.030561 -0.001510 -0.006320 0.029519 0.042915 0.008675 0.070218 0.016641 0.022907 0.052189 0.035523 -0.033845 0.029447 0.032299 0.023325 0.085614 0.002382 0.047162 0.102441 0.044832 0.116508 0.095137 0.006495 -0.033980 0.106929 0.103704 0.068108 0.047422 0.019639 0.021593 0.029690 0.046486 -0.009613 0.050115 0.049289 0.001212 0.040888 0.010645 0.040092 -0.004436 0.009229 0.014401 0.062311 0.083674 0.046884 0.039260 0.024208 0.035750 0.074501 -0.033338 -0.021831 0.095626 0.004674 0.060746 0.015134 0.105095 0.045009 0.009526 0.043778 0.036358 0.091303 0.038923 0.099645 -0.001455 0.056991 0.048157 0.085967 0.032007 0.015110 0.015623 0.029324 0.015842 0.069083 0.010730 0.042857 -0.003305 0.067220 0.049859 0.068760 0.062472 0.012267 -0.005796 0.002134 0.061840 0.063004 0.013711 0.002845 0.069118 0.013593 0.061237 -0.002419 0.047533 0.063301 0.037746 0.043296 0.062226 0.031477 0.042252 0.092227 0.021876 0.041170 0.094536 0.035109 -0.035829 -0.005412 0.052310 0.032643 0.012272 0.093192 0.062015 0.007799 0.027649 0.060431 -0.020431 0.034031 0.047486 0.032610 0.013460 0.064457 0.035952 -0.009501 0.029566 0.034050 0.023532 0.016449 0.064022 0.053291 0.074085 0.009764 0.023279 0.008909 -0.017245 0.052829 0.004145 0.087893 0.050972 0.050977 0.019326 0.004758 0.020264 0.088977 0.002663 0.007833 0.078621 0.081179 0.017064 -0.003844 -0.017243 -0.013230 -0.011852 -0.031304 0.036325 0.063081 0.054334 0.035533 0.088166
0.035337 -0.000000 0.088449 0.031146 0.039067 0.063070 0.031985 0.024279 -0.007423 -0.031298 0.064309 0.058126 0.030639 0.078585 0.039376 0.019732 0.024195 -0.040300 0.082954 0.023912 0.027457 0.023408 0.010021 0.052389 -0.001671 0.053173 0.010761 0.038657 0.047147 0.034682 0.091419 0.067755 0.023425 0.000065 0.051919 -0.013840 0.014094 0.043694 0.067864 0.022146 0.004923 0.053990 0.065025 0.037636 -0.035100 0.030861 -0.009783 -0.004318 0.051003 0.010234 0.037824 0.015157 0.047770 0.072947 0.033087 0.028635 0.010510 0.068260 0.020565 0.030854 0.055296 0.019154 0.044533 0.051055 0.062005 0.070806 -0.015155 -0.036255 0.039426 0.068834 0.012620 0.074652 0.041349 0.034129 0.020633 0.052145 -0.017935 0.041433 0.058565 -0.001584 0.103512 0.025047 0.009956 -0.006749 0.065952 0.012557 0.040900 0.033751 0.066507 0.044297 0.033023 -0.011492 0.077850 -0.017320 0.024943 0.045047 0.038436 0.037691 0.036813 0.056247 0.065637 0.035406 0.015477 0.050031 0.066574 0.041262 0.046673 0.052059 0.057639 0.010395 0.056680 0.029034 0.035142 0.046803 0.042982 0.068239 0.016198 0.005703 0.027882 0.003748 0.044263 0.020764 0.053642 0.047039 -0.046414 -0.005339 0.031560 0.052125 0.063352 0.013800 0.050968 0.064934 0.056522 0.054309 0.014789 0.042448 0.025088 0.018115 0.055414 0.073824 0.021700 0.065006 0.080696 -0.011712 0.027633 0.052255 0.052902 -0.040431 0.032457 0.025426 0.010710 -0.022681 0.053896 0.031998 -0.025085 0.052086 0.040885 0.028720 0.047313 0.025097 0.028351 -0.012735 0.072667 0.024023 0.018313 0.097815 -0.020934 -0.028409 0.028500 0.064184 0.079866 0.033365 0.014122 0.042739 0.033157 -0.010297 0.056334 -0.019451 0.062142 0.079753 0.048512 0.010024 0.063806 0.026811 0.056388 0.044954 0.015690 0.074308 0.046830 0.006978 0.023203 0.000022 0.024647 -0.031399 0.028243 0.013430 0.027632 0.048314 0.022109 0.051203
0.055796 0.088449 -0.000000 0.024962 0.074762 0.040797 0.016178 0.026818 0.039663 0.019348 0.089888 0.043153 0.040661 0.107615 0.056071 -0.014146 0.008552 0.005573 0.102530 0.025423 0.032682 0.094473 -0.050832 0.052105 -0.022704 0.073356 -0.001335 0.056724 0.051532 0.028181 0.056102 0.067760 -0.006414 -0.005757 0.046194 0.013126 0.042012 0.052364 0.052207 0.048877 0.009358 0.030376 0.071483 0.066799 0.023571 0.049048 0.024319 0.035916 0.068010 0.006536 0.095688 0.031798 0.023188 0.052310 0.028740 -0.021225 0.031678 0.094480 0.015748 0.041891 0.066887 0.002074 0.069773 0.041810 0.077152 0.041791 0.012381 0.012003 0.087140 0.069490 0.040352 0.087239 0.071512 0.034916 0.051635 0.055720 0.047934 0.055050 0.041275 0.028621 0.095970 0.047843 0.020409 0.036246 0.045498 0.012930 0.053749 0.024712 0.066119 0.067502 0.083014 0.014480 0.046938 -0.002008 0.013496 0.039796 0.038272 0.018589 0.049948 0.066516 0.062461 0.060803 0.035177 0.084535 0.062070 0.074722 0.104813 0.084242 0.116016 -0.006518 0.063916 0.058146 0.022896 0.050369 0.058734 0.021117 0.067323 0.043100 0.033476 0.058575 0.057366 0.025531 0.056115 0.035828 0.020338 0.060130 0.046740 0.025292 0.062156 0.039565 0.055112 0.037044 0.057822 0.071039 0.028138 0.027631 0.031100 0.061380 0.100595 0.105382 0.040788 0.046361 0.076515 0.015248 0.024329 0.045526 0.054932 0.003146 0.013085 0.062023 0.027548 0.025139 0.082286 0.023037 -0.021839 0.021904 0.033737 0.084262 0.080415 0.070666 0.066340 0.022356 0.091528 0.016155 0.022104 0.082071 0.055120 0.012329 0.006979 0.053864 0.022181 0.059076 0.033908 0.121842 0.080157 0.004116 0.091361 0.005101 0.086842 0.032239 0.045833 0.042979 0.022146 0.027594 0.071726 0.063543 0.037224 0.058539 0.079152 0.006231 0.053070 0.041932 0.051165 0.004745 0.088847 0.044556 0.085301 0.046629 0.018031 0.066738
0.051605 0.031146 0.024962 -0.000000 0.024117 0.038738 0.043019 -0.000429 0.030161 -0.006603 0.047089 0.031695 0.034625 0.051446 0.049471 0.046826 0.054179 -0.008573 0.015244 0.016708 0.006188 0.041936 0.044397 0.019969 0.055514 0.072043 0.039534 0.006533 0.022864 0.040667 0.043215 0.076054 0.006225 0.008486 0.034204 0.029418 0.012380 0.045456 0.065293 0.042175 -0.001228 0.024829 0.065038 0.079313 -0.022021 0.020781 -0.015269 0.055257 0.081091 -0.013519 0.079949 0.010974 0.059006 0.064717 0.019420 0.018056 0.066118 0.038993 0.022024 0.023134 0.024405 0.065872 0.088728 0.033038 0.035066 0.020168 0.003812 -0.022511 0.066910 0.047896 0.094757 0.048798 0.028458 0.035904 0.042424 0.014085 0.035533 0.053719 0.011228 0.059068 0.051070 0.013515 0.021780 -0.007987 0.061965 0.001167 0.069401 0.015144 0.047685 -0.006873 0.029754 0.002751 0.044480 -0.004570 0.029319 0.005029 0.050941 -0.001632 0.065202 0.076068 0.029997 0.071648 0.043954 0.015374 0.056804 0.016881 0.074927 0.079868 0.046268 0.019091 0.013331 0.036427 0.039481 0.037285 0.068939 0.013381 0.036984 -0.002713 0.039368 0.037665 0.018786 0.048168 -0.008009 0.078590 0.013199 0.020795 0.024812 -0.000592 0.062105 0.019697 0.080093 0.063228 0.027738 0.009108 -0.000177 0.038314 0.034927 0.035315 0.049418 0.061336 0.044022 0.053649 0.050648 0.059239 0.053709 0.001877 0.024945 -0.019983 0.060174 0.048300 0.016874 -0.004175 0.040385 0.014245 0.009582 0.035400 0.011139 0.088092 0.069585 0.070562 0.047352 -0.006507 0.052028 0.069092 0.030370 0.051361 0.025171 0.039169 0.016902 0.059735 0.016076 0.040932 0.019369 0.019160 0.070693 0.016331 0.044016 -0.028828 0.039263 0.013935 0.059600 -0.012007 0.022123 0.011520 0.027215 0.063800 0.061686 0.033902 0.047515 0.033289 0.007571 0.027460 0.029452 -0.015182 0.063716 0.039681 0.032089 0.045627 0.014887 0.010718
0.023821 0.039067 0.074762 0.024117 -0.000000 0.037154 0.032900 -0.039233 0.027334 -0.002105 0.065168 0.053363 0.005059 0.072749 0.038853 -0.008015 0.025738 0.031384 0.052998 -0.002351 0.014227 -0.001770 -0.017673 0.033627 0.004913 0.047738 0.039727 0.001394 0.044564 0.035520 0.038224 0.049800 0.009164 -0.016489 0.024882 0.019121 0.054927 0.039514 0.042776 0.021980 0.022573 0.025146 0.068717 0.051816 0.032244 0.055637 0.008810 0.048907 0.057359 -0.015245 0.018229 0.045349 -0.000728 0.032047 0.011443 0.029345 -0.001056 0.077347 0.014013 -0.022921 0.047708 0.044504 0.044837 0.049264 0.054951 0.035910 -0.003229 0.040269 0.054580 0.053731 0.016065 0.054557 0.030849 -0.006257 0.023813 0.023584 0.034008 0.040251 0.022475 0.029200 0.065547 0.027842 -0.003480 -0.005595 0.031662 0.040373 0.039479 -0.001304 0.063124 0.011762 0.011099 0.010303 0.030107 0.032164 0.016905 0.003853 0.031256 0.019154 0.008328 0.062911 0.044865 0.041770 0.035898 0.002845 0.043013 0.060309 0.056665 0.068140 0.078671 -0.020468 0.029397 -0.020156 0.026313 0.022276 0.050678 0.013877 0.016330 0.028624 0.034935 0.057309 0.028389 0.056813 0.011897 0.022561 -0.009587 0.036749 0.051305 0.026279 0.043624 0.035258 0.065449 0.040345 -0.020083 0.039943 0.023482 0.017513 0.035929 0.030479 0.019017 0.069271 -0.010671 0.028663 0.052786 -0.009438 0.033382 0.018761 0.042347 0.017659 -0.006844 0.023777 -0.020519 0.020420 0.047284 -0.025996 0.013686 0.007259 -0.004035 0.042855 0.039904 0.037183 0.030220 0.021138 0.081241 0.020858 -0.000466 0.050082 0.019910 0.000735 -0.035938 0.046999 -0.001504 0.054886 -0.001575 0.068766 0.053836 0.041608 0.036145 0.012114 0.049136 0.015055 0.020558 -0.017291 0.030569 0.006677 0.052161 0.011848 0.030678 0.048199 0.049615 0.029538 0.022303 0.044520 0.007032 0.033285 0.049537 0.004587 0.039211 0.042928 0.018854 0.037027
0.058452 0.063070 0.040797 0.038738 0.037154 -0.000000 0.016416 -0.005039 0.052321 0.010247 0.061549 0.033649 0.035315 0.069657 0.020444 0.009788 0.036976 -0.011319 0.038933 0.042440 -0.011624 0.051240 0.031838 0.056117 0.024371 0.061804 0.048560 0.006083 0.031639 0.058205 0.017251 0.097020 0.033986 0.021993 0.034754 0.021656 0.031643 0.062432 0.052911 0.043329 0.018773 0.024781 0.088222 0.093468 0.024349 -0.014073 -0.017589 0.034931 0.076852 -0.020679 0.080040 0.049655 0.062048 0.086143 0.028073 0.011102 0.072177 0.062754 0.017804 -0.021234 0.037625 0.040282 0.079302 -0.002424 0.028848 0.067276 0.045727 0.032751 0.073608 0.090501 0.068463 0.055516 0.044035 0.037550 0.043164 0.039691 0.060535 0.092251 0.052216 0.053146 0.015043 0.019159 0.039880 0.024770 0.042791 0.027526 0.070973 0.037065 0.090403 -0.017490 0.070506 0.019944 0.031596 0.000848 -0.003759 -0.021475 0.070475 0.010761 0.086654 0.066050 0.059584 0.050461 0.042948 0.057864 0.074393 0.005969 0.092260 0.099104 0.094928 0.019096 0.008307 0.036112 0.032895 0.036121 0.038478 0.022322 0.047629 0.051056 0.041060 0.050960 0.052039 0.052087 -0.023907 0.060539 0.014929 0.041825 0.008167 0.038933 0.062456 0.023777 0.059264 0.018420 0.056422 0.019582 0.006742 0.010624 0.071886 0.064308 0.066560 0.091313 0.065704 0.072894 0.036357 0.048574 0.047556 0.050743 -0.016818 -0.003471 0.035384 0.039397 0.053338 0.067040 0.088154 0.022923 0.009844 0.002169 0.023968 0.071026 0.063416 0.028944 0.045029 0.036628 0.032113 0.028127 0.027870 0.020455 0.011069 0.032402 0.027085 0.045959 0.007861 0.068142 0.025214 0.017744 0.053261 0.033858 0.071575 0.004737 0.063449 -0.007948 0.063281 0.000263 0.036077 0.035301 0.043171 0.072669 0.036997 0.000754 0.055388 0.055952 0.006084 0.050412 0.037673 0.040599 0.076853 0.038256 0.037182 0.065556 0.010928 0.068176
0.004271 0.031985 0.016178 0.043019 0.032900 0.016416 -0.000000 -0.016039 0.043384 0.010267 0.026824 0.053792 0.026203 0.015841 0.014330 0.010829 0.018049 0.012692 0.022919 0.084373 -0.008712 0.059397 0.065711 0.048726 0.018819 0.021228 0.019222 -0.007247 0.051207 0.013184 -0.005219 0.052879 0.046159 0.044225 0.029341 0.028873 0.044918 0.032475 0.035756 0.047088 0.030999 0.019083 0.063271 0.078087 0.016150 0.036006 0.019668 0.016887 0.039540 -0.026430 0.050933 0.026269 0.038685 0.040553 0.042004 0.047878 0.045160 0.064532 0.053927 -0.009495 0.007138 0.023229 0.067257 -0.009883 0.003259 0.027533 0.041437 0.015344 0.030967 0.042278 0.037599 0.048208 0.024097 0.052595 0.070199 0.004225 0.050598 0.034029 0.021556 0.032947 0.061933 -0.001890 0.035414 0.036980 -0.002087 0.015783 0.047549 0.016968 0.050806 -0.012595 0.029582 0.010890 0.001102 0.007753 -0.018083 0.003060 0.032909 -0.027104 0.075786 0.010169 0.021938 0.031401 0.034035 0.008865 0.035405 -0.006989 0.038237 0.070651 0.063995 0.018183 0.010166 0.040358 0.022323 0.018708 -0.020144 0.051136 0.035098 0.043892 0.035447 0.038342 0.038798 0.047226 -0.006062 0.036622 0.004236 0.044607 -0.043280 0.046408 0.040954 0.014275 0.027513 -0.000894 0.040815 -0.011541 0.024215 0.031904 0.045067 0.034666 0.035596 0.039770 0.052512 0.036230 -0.004155 0.070629 0.038125 0.016896 0.047758 0.008375 0.025855 0.028913 0.018308 0.036243 0.025540 -0.021238 -0.004143 0.047093 -0.034194 0.039316 0.030078 0.018569 0.028732 0.014908 0.012624 0.020539 0.038454 -0.053114 0.005628 0.037132 0.025642 0.023561 0.034009 0.016586 0.020405 0.011727 0.029760 0.031415 0.039552 0.012738 0.027425 0.005422 0.030197 0.012577 0.029935 0.051906 0.014007 0.040733 0.004269 0.009184 0.038323 0.026314 -0.004193 0.050491 0.029721 0.022141 0.061905 0.071921 0.025829 0.038333 0.012379 0.031698
0.074647 0.024279 0.026818 -0.000429 -0.039233 -0.005039 -0.016039 -0.000000 -0.017802 -0.073373 0.049595 0.002807 -0.031783 0.014208 -0.021553 0.041796 -0.008350 -0.093857 0.045677 -0.021037 0.090125 -0.037112 0.010399 0.046723 -0.003947 0.032459 0.016151 0.113609 -0.033787 0.027604 0.115942 0.022817 0.003601 0.014585 0.001674 -0.045414 -0.020934 0.011149 0.006308 -0.049867 -0.043388 0.015940 0.013891 0.013898 -0.089429 -0.063527 -0.062590 -0.014812 0.008033 0.023917 0.008039 -0.011641 0.008686 0.086342 -0.070233 -0.011613 0.008420 0.000445 -0.021049 0.094520 0.000010 0.012271 0.044036 0.068734 0.112592 0.041754 -0.006467 -0.052539 0.060747 0.075593 0.018986 0.023494 -0.000499 0.008132 -0.015223 0.063837 -0.018690 0.031275 0.000745 -0.023978 0.023565 -0.018258 -0.025688 -0.041873 0.046261 -0.003383 0.030966 0.077007 0.043174 0.069829 -0.026077 0.004714 0.060007 -0.057074 0.002975 0.078070 0.042685 0.056111 0.041858 0.030722 0.017365 0.046408 -0.004219 -0.006985 0.061215 0.000135 0.036815 0.026596 0.008757 -0.017931 0.068110 0.001239 0.015807 0.041949 0.013916 0.007492 0.092232 -0.006427 -0.025594 -0.032126 0.025895 0.015023 0.027351 0.026899 -0.033866 -0.038502 0.018622 0.006716 0.037019 -0.013760 0.060087 0.054582 -0.006945 0.054885 -0.040081 0.026362 0.004407 0.022614 -0.008763 0.035881 0.020563 0.065159 0.031250 -0.034895 0.021615 0.036818 0.004954 -0.061821 -0.016369 0.044199 0.021753 -0.001336 0.035055 0.069638 -0.042249 0.019551 0.050280 0.007327 0.013280 -0.011600 -0.025208 -0.006072 0.044024 0.012953 0.009478 0.012336 -0.022636 -0.055126 0.043917 0.069433 0.059502 0.032603 -0.012727 -0.022572 0.009083 -0.028414 0.039963 -0.057431 0.064363 0.037078 0.004074 0.001953 0.020153 -0.012898 0.044031 -0.007911 -0.026704 0.078741 0.023114 -0.007223 -0.017753 -0.026745 -0.040808 -0.022205 -0.004266 -0.030198 0.043541 0.028052 -0.020187 0.036592
0.011754 -0.007423 0.039663 0.030161 0.027334 0.052321 0.043384 -0.017802 -0.000000 -0.009532 0.005803 0.016025 0.033311 0.051639 0.034541 0.016855 0.033504 0.026989 0.040697 0.008945 0.011391 0.056048 0.026163 0.023874 0.051153 0.023447 0.004926 0.006980 0.070366 0.002054 0.037036 0.044959 0.010095 0.011681 0.014547 0.000631 0.001355 0.044753 0.031227 0.055161 -0.004355 0.017099 0.046076 0.043926 0.024452 0.031018 0.020895 0.012723 -0.006410 0.005172 0.048969 -0.013708 0.014044 0.026330 0.059681 0.011934 0.033578 0.037971 0.040920 -0.010366 0.011829 0.005260 0.030394 0.037570 0.035564 0.028477 0.032172 0.002502 0.014146 0.031102 0.040984 -0.018858 -0.013073 -0.003784 0.047429 0.062948 -0.020863 0.032248 0.040672 -0.003685 0.053651 -0.007970 0.008241 -0.005733 0.016359 -0.030955 0.023333 0.017376 0.041141 -0.004663 0.012244 -0.011615 0.058320 0.035093 0.001772 0.012488 0.015870 -0.009263 0.002296 0.042362 -0.004930 0.010020 0.024082 0.013077 0.035531 0.033970 -0.000989 0.059706 0.022704 0.021445 0.016328 0.016605 0.025707 0.030433 0.037084 0.041393 -0.008943 0.010967 0.010647 -0.012553 0.016035 0.007942 -0.000025 0.045670 0.030285 -0.024929 0.033132 0.043964 0.034205 0.008410 0.030751 0.061027 -0.016867 0.029648 0.015554 0.035144 0.030698 0.005002 0.037478 0.024028 -0.009986 0.020909 0.029480 0.015435 -0.012160 0.001066 0.041839 0.026186 0.028147 0.016608 0.012591 0.003373 -0.005300 0.002226 -0.011065 0.039482 0.002011 0.034824 0.026802 0.032075 0.021515 -0.029016 0.036005 0.033024 -0.007331 0.049308 0.026884 0.034140 0.000214 0.064981 0.036141 0.025066 -0.026774 0.022998 0.017260 -0.033119 0.015482 0.040815 0.029503 0.048445 0.026075 0.000668 0.006556 0.003210 0.010716 0.017994 0.026450 0.030484 0.032491 -0.004209 0.001812 -0.014047 -0.012458 -0.025021 0.013372 0.009250 0.037145 0.030087 -0.036929 0.013289
-0.040751 -0.031298 0.019348 -0.006603 -0.002105 0.010247 0.010267 -0.073373 -0.009532 -0.000000 -0.001379 -0.002130 -0.010329 0.026939 0.026959 0.002120 -0.005340 0.023299 0.007833 -0.013604 -0.039595 0.029790 0.017233 -0.035450 0.010105 -0.050527 -0.009978 -0.030948 0.024335 -0.007862 -0.019960 -0.009273 -0.059669 -0.002749 -0.013173 0.014553 -0.012204 0.026503 0.001112 0.012375 -0.030109 0.010313 0.006240 0.002988 0.018698 0.023922 0.006538 -0.007063 -0.014823 -0.045678 0.054924 0.009095 0.003643 -0.023926 -0.008462 -0.024946 0.004435 0.034034 0.002783 -0.060963 -0.009678 0.003459 0.020961 -0.000127 -0.006568 -0.012371 0.008860 0.006291 -0.020804 -0.023649 0.004879 -0.032954 -0.030485 -0.019313 0.006869 0.009457 -0.007036 -0.009069 -0.011699 0.018524 0.003484 -0.009639 -0.018117 -0.005710 -0.024840 -0.021095 -0.015620 -0.022816 -0.001588 -0.048995 -0.001862 -0.000836 -0.004750 0.042913 -0.012699 -0.037184 0.018537 -0.045152 0.022873 -0.012972 -0.035743 -0.021155 -0.010893 -0.013390 -0.018754 0.011429 -0.030250 0.020831 0.011210 0.000041 -0.038602 -0.000408 0.004683 0.009274 -0.010634 -0.021801 -0.052807 -0.027697 -0.039403 -0.000224 -0.016713 0.022711 -0.048436 0.053923 -0.021604 -0.031726 0.008324 -0.014563 0.014601 0.010241 -0.003372 0.020447 -0.030179 -0.004485 0.002704 -0.012585 -0.000176 -0.049911 0.015895 -0.017912 -0.015116 -0.005123 -0.024767 -0.007222 -0.013172 -0.040373 0.014748 0.023739 0.022361 -0.033147 0.011610 -0.039220 -0.012671 -0.039855 -0.007059 0.003223 -0.047874 -0.009859 -0.024214 0.031090 -0.036117 -0.026297 0.011794 0.011269 -0.035877 0.032470 -0.018318 -0.001337 -0.011209 0.012372 -0.017940 -0.012828 -0.042816 0.016673 -0.023519 -0.005817 -0.032818 0.011934 -0.021681 -0.023775 0.006433 -0.049083 -0.009611 -0.055147 -0.013647 0.009557 -0.018454 -0.021286 -0.010234 -0.028238 0.001966 -0.024407 -0.036047 -0.022907 -0.045741 -0.023976 0.006199 -0.017001 -0.025880 -0.021128
0.083156 0.064309 0.089888 0.047089 0.065168 0.061549 0.026824 0.049595 0.005803 -0.001379 -0.000000 0.057603 0.048820 0.049134 0.046458 0.032232 0.021318 -0.027735 0.105278 0.033358 0.054390 0.069528 0.017375 0.078215 0.016736 0.087853 0.030023 0.068119 0.064143 0.044054 0.111960 0.091752 0.026320 -0.007744 0.046599 0.006612 0.018899 0.037274 0.074284 0.054893 0.021684 0.059054 0.091168 0.060329 -0.024512 0.037047 0.015084 0.022062 0.066903 0.031496 0.072380 0.011044 0.060593 0.107706 0.040906 0.044379 0.033910 0.080466 0.033241 0.057795 0.043056 0.034094 0.039544 0.078256 0.104953 0.070934 0.011924 -0.030963 0.078905 0.086383 0.048712 0.026677 0.033595 0.065619 0.046550 0.071365 0.002178 0.053164 0.054491 0.014764 0.115404 0.043787 0.013683 0.009158 0.058551 0.018132 0.045857 0.026523 0.088191 0.062431 0.062991 -0.000817 0.053626 -0.010297 0.037692 0.096712 0.052703 0.034622 -0.006884 0.078879 0.062575 0.087924 0.040814 0.072339 0.079143 0.068546 0.088752 0.071193 0.074074 0.014600 0.088995 0.024372 0.036853 0.053632 0.080155 0.052166 0.088398 0.016683 0.046859 0.014638 0.054855 0.012680 0.065060 0.059821 0.004556 0.011773 0.054038 0.050189 0.032718 0.026143 0.099938 0.075528 0.074645 0.059774 0.028197 0.080915 0.038031 0.071525 0.070867 0.077977 0.010897 0.098712 0.104028 0.005727 0.009062 0.083668 0.078523 -0.011355 0.053341 0.068638 0.006958 -0.000717 0.051488 0.016798 -0.038848 0.033702 0.029070 0.060934 0.076311 0.047435 0.045164 -0.017711 0.094442 0.035102 -0.009961 0.072711 0.043073 0.015309 0.035149 0.092534 0.075502 0.075362 0.032446 0.071742 0.074956 0.002783 0.077571 -0.004617 0.083941 0.071742 0.067808 0.010573 0.044319 0.051906 0.079660 0.059880 0.048527 0.098651 0.072493 0.007427 0.036807 0.007742 0.067937 -0.017157 0.051079 0.051486 0.066001 0.045829 0.009804 0.071794
0.010523 0.058126 0.043153 0.031695 0.053363 0.033649 0.053792 0.002807 0.016025 -0.002130 0.057603 -0.000000 0.007645 0.070208 0.028564 0.001288 0.036970 0.031495 0.060006 0.042240 0.010654 0.078258 -0.017222 0.033079 -0.034819 0.052379 0.018176 0.010734 0.073143 0.022180 0.024677 0.039288 0.036778 0.023045 0.019252 -0.004228 0.054609 0.009947 0.027205 0.031139 0.022200 -0.004901 0.069485 0.047179 0.052454 0.074982 0.022606 0.040071 0.064121 -0.006287 0.074955 0.035993 -0.014178 0.038263 0.032819 0.016307 0.021522 0.093464 0.009122 0.019385 0.025279 0.016884 0.058654 -0.003028 0.043427 0.048380 0.012031 0.026069 0.060322 0.035806 0.055386 0.053512 0.049763 0.018695 -0.058244 0.034472 0.047055 0.034548 0.032368 0.005315 0.047131 0.027631 -0.005070 0.021186 0.031919 0.029659 0.045616 0.038599 0.050275 0.006617 0.033467 0.005835 0.019892 0.037916 0.021408 0.028795 0.047310 -0.004229 0.059332 0.050212 0.065436 0.026069 0.016262 0.038861 0.050339 0.014722 0.064683 0.044483 0.069983 0.010301 0.030676 0.021057 -0.062108 0.033440 0.038464 0.014527 0.051877 0.031317 0.022343 0.031012 0.031912 0.042292 0.027319 -0.010205 -0.028318 0.031140 -0.005558 0.043490 0.041457 0.021027 0.033704 0.037288 0.041951 0.033006 0.025450 0.032797 0.039735 0.054492 0.049209 0.070173 0.027223 0.020659 0.029971 -0.020276 0.023285 0.040676 0.029736 0.017312 0.015219 0.047740 -0.015949 0.030415 0.054672 0.002120 0.013076 0.015244 0.004881 0.042285 0.042565 0.042589 0.037588 0.010848 0.025344 0.015086 -0.001205 0.027244 -0.006705 -0.018119 -0.031464 0.057490 0.013472 0.049507 0.021906 0.063300 0.029853 0.029049 0.048453 0.015918 0.035102 0.037321 0.050703 0.008958 -0.023233 0.017837 0.062231 0.068628 0.025689 0.028823 0.056019 0.003218 0.019913 0.036470 0.037633 0.004629 0.039734 0.051272 0.036200 0.006205 0.013555 0.045630
0.023407 0.030639 0.040661 0.034625 0.005059 0.035315 0.026203 -0.031783 0.033311 -0.010329 0.048820 0.007645 -0.000000 0.058824 0.021510 0.069169 0.061245 0.006097 0.042845 0.042512 -0.001051 0.008758 0.035809 0.033549 0.040681 0.052519 0.026845 -0.024568 0.016411 0.032348 0.017170 0.068684 0.030490 0.062030 0.045780 0.001732 0.058223 0.033199 0.039748 -0.001225 0.025278 0.018121 0.049339 0.064242 0.008963 0.004101 0.001189 0.069370 0.046165 0.011144 0.059924 0.042872 0.043672 0.025907 0.013283 0.046476 0.050491 0.062529 0.024690 -0.042422 0.019964 0.078911 0.081325 0.038940 0.028291 0.032857 0.031880 0.047357 0.050938 0.058944 0.062961 0.030867 0.010288 0.033988 0.029106 0.028862 0.047597 0.014765 0.013676 0.017707 0.016117 0.005317 0.013805 0.006752 0.041286 0.051225 0.058858 0.006752 0.051135 -0.016006 0.005687 0.027171 0.027391 0.013138 0.032798 -0.011869 0.068618 0.006312 0.069837 0.057846 0.005768 0.044867 0.032232 0.002694 0.050524 -0.013432 0.013623 0.057883 0.052359 0.000994 0.000273 0.000831 0.029795 0.065245 0.035423 0.057813 0.023622 0.046801 0.034041 0.045017 0.037665 0.079159 -0.007884 0.078641 -0.025285 0.007291 0.010275 0.044853 0.040212 0.018156 0.061889 0.062383 -0.032292 0.002315 -0.000674 0.052761 0.039229 0.029878 0.026676 0.061413 0.051346 0.008905 0.030461 0.043571 0.055100 0.024531 0.037328 0.004080 0.004101 0.043149 0.061713 0.048251 0.029187 -0.016433 0.006199 0.042614 -0.022198 0.046070 0.045370 0.027255 0.002880 0.029011 0.055940 0.057217 0.030695 0.022366 -0.012341 -0.000848 0.034107 0.052907 0.006760 0.045835 -0.028005 0.030894 0.048549 0.031597 0.031016 0.006030 0.039256 -0.000217 0.014152 0.002102 0.011815 0.014834 0.008943 0.015374 0.000158 0.008110 0.052549 0.038202 -0.007257 0.053193 -0.018182 0.051112 0.052521 0.021810 0.045851 0.056365 0.029115 0.027300
0.037374 0.078585 0.107615 0.051446 0.072749 0.069657 0.015841 0.014208 0.051639 0.026939 0.049134 0.070208 0.058824 -0.000000 0.079815 0.019409 -0.034070 0.008872 0.097691 0.058207 0.023917 0.083965 0.016263 0.052738 -0.003237 0.071473 0.023788 0.045003 0.057297 0.048101 0.076050 0.046656 0.011241 0.012216 0.037060 0.049138 0.057744 0.065375 0.071191 0.093090 0.037054 0.045723 0.068907 0.078335 0.024706 0.064764 0.047039 0.031489 0.015440 0.018082 0.070971 0.048466 0.021888 0.050452 0.070747 0.021563 0.033125 0.088275 0.027459 0.018552 0.071847 0.033816 0.080307 0.061867 0.066372 0.050047 0.023685 0.021285 0.023777 0.080385 0.022283 0.041535 0.065661 0.026080 0.048784 0.063116 0.044631 0.032892 0.052154 0.034077 0.115749 0.062662 0.011690 0.033559 0.058871 0.031590 0.064925 0.031378 0.083357 0.048253 0.046416 -0.000743 0.068276 0.012076 0.059601 0.034738 0.081346 0.006298 0.076989 0.067234 0.038591 0.043921 0.050797 0.074439 0.086289 0.056654 0.019600 0.077599 0.094020 0.003495 0.052873 0.043360 0.058943 0.093460 0.056131 0.031088 0.042331 0.045766 0.022009 0.023305 0.044980 0.069577 0.042144 0.023547 0.014479 0.061348 0.064411 0.030586 0.055211 0.054079 0.047456 0.065819 0.040804 0.056814 0.040545 0.068355 0.035223 0.061690 0.063124 0.024923 0.028368 0.049770 0.063384 -0.017858 0.041823 0.038704 0.081804 0.023392 0.027613 0.062134 0.032109 0.023212 0.018078 0.015293 -0.021158 0.075302 0.016840 0.039548 0.057229 0.066639 0.039310 0.011330 0.089382 0.020783 0.009245 0.083823 0.033016 -0.007360 0.039532 0.096442 0.061406 0.055395 0.045525 0.058770 0.063751 0.021336 0.066879 0.010980 0.078033 0.045972 0.008988 0.045066 0.078049 0.038346 0.060804 0.006787 0.020654 0.057657 0.070654 0.009563 0.038834 0.061892 0.024412 0.020313 0.079238 0.049892 0.077418 0.045265 0.038237 0.054277
0.026268 0.039376 0.056071 0.049471 0.038853 0.020444 0.014330 -0.021553 0.034541 0.026959 0.046458 0.028564 0.021510 0.079815 -0.000000 -0.009329 0.009485 0.037271 0.054486 0.036357 0.006551 0.066595 -0.006761 0.016982 -0.006441 0.049737 0.037190 -0.005712 0.033804 0.050167 0.021459 0.042887 -0.003139 -0.002059 0.006302 0.031786 0.048146 0.038540 0.003364 0.050097 0.021049 0.007977 0.037089 0.056105 0.049091 0.049345 0.014452 0.027839 0.055353 -0.014986 0.031380 0.040507 0.034840 0.032107 0.028403 -0.011473 0.003257 0.059634 0.025963 -0.002250 0.026843 0.037735 0.032031 0.010930 0.029129 0.014093 0.057015 0.053537 0.031653 0.029065 -0.006175 0.031268 0.020937 0.024934 0.035944 0.006697 0.063762 0.076907 0.023605 0.046949 0.034193 0.020348 0.045370 0.049151 0.032097 0.049686 0.048701 0.008260 0.056792 -0.015966 0.027796 0.061634 -0.001384 0.041114 0.014374 0.022629 0.021809 -0.019872 0.004680 0.027938 0.030645 0.051246 0.015667 0.036687 0.005669 0.036924 0.045551 0.070478 0.045162 0.021910 0.012490 0.049046 0.024016 -0.001581 0.035266 -0.013674 0.014017 0.041852 0.025344 0.054787 0.033773 0.020736 0.016931 -0.015145 -0.004996 0.051655 0.027857 0.010138 0.071046 0.003279 0.058118 0.031725 0.022644 0.006529 0.017752 0.011804 0.060379 0.035694 0.058059 0.060852 0.017100 0.035442 0.032983 0.027357 0.035664 0.024051 0.015747 0.025872 0.020163 0.027916 0.003633 0.040060 0.033467 -0.020363 0.070157 -0.002338 -0.013295 0.056478 0.032990 0.011985 0.026068 0.032718 0.039233 0.016363 -0.006363 0.032342 0.026477 0.025946 0.015132 0.040445 -0.010230 0.029791 0.009277 0.057949 0.050508 0.062839 0.034172 0.058603 0.024158 -0.001627 0.040694 0.005882 0.028669 0.026490 0.045749 0.009647 0.038020 0.029452 0.054058 0.087905 0.027495 0.042761 0.022718 0.075810 0.047930 0.048673 0.010072 0.049736 0.047166 0.028451
0.029332 0.019732 -0.014146 0.046826 -0.008015 0.009788 0.010829 0.041796 0.016855 0.002120 0.032232 0.001288 0.069169 0.019409 -0.009329 -0.000000 0.069851 -0.037361 -0.003509 0.073550 0.024990 0.015746 0.082596 0.059839 0.060517 0.056368 0.034713 0.041222 0.015871 0.029717 0.052008 0.053694 0.026270 0.044510 0.040325 0.020521 -0.008842 0.014639 0.056773 0.029417 -0.008319 0.028179 0.071516 0.014440 -0.013679 -0.013771 -0.024115 0.002000 0.032202 -0.000417 0.050832 0.027349 0.045635 0.017365 0.040479 0.005345 0.060427 0.006570 0.049151 0.043988 0.022199 0.034706 0.092758 0.033604 0.047109 0.074534 0.020363 -0.021355 0.047573 0.033789 0.088129 0.016257 0.036816 0.049589 0.021992 0.011808 0.042351 0.070945 0.049320 0.026868 0.010406 0.017117 0.057489 0.005333 0.008508 0.001335 0.074914 0.062716 0.012787 0.031043 0.011551 0.030420 0.090442 -0.002548 0.027116 0.044257 0.000845 0.037738 0.079315 0.075384 0.043532 0.037354 0.044763 0.030119 0.027743 -0.020709 0.077185 0.035656 0.028510 0.045845 0.049540 0.057294 0.024557 0.044437 0.051130 0.076339 0.032167 0.021033 0.026433 0.020411 0.048899 0.018501 0.017906 0.074758 0.011171 0.020579 0.000197 0.033098 0.074736 -0.002103 0.038062 0.105555 0.017749 0.017209 -0.011968 0.065819 0.071037 0.017352 0.006160 0.061663 0.064022 0.026061 0.012988 0.061500 0.041973 0.052881 0.003355 -0.030565 0.051063 -0.009966 0.057147 0.011095 0.069178 0.060606 0.023788 0.060320 0.059827 0.060281 0.053724 0.023522 0.020954 -0.005212 -0.005786 0.063926 0.060036 0.043389 0.012258 0.010474 0.077821 0.095091 0.061994 0.043991 0.025509 -0.027077 0.038180 -0.004039 0.029533 0.013378 0.000498 0.056714 0.062989 0.007253 0.035344 0.025293 0.067559 0.031067 0.030781 0.013697 0.030946 0.014493 -0.015087 0.012702 -0.002823 -0.011323 0.016765 0.068690 0.003773 0.045070 0.001102 0.070714
0.017755 0.024195 0.008552 0.054179 0.025738 0.036976 0.018049 -0.008350 0.033504 -0.005340 0.021318 0.036970 0.061245 -0.034070 0.009485 0.069851 -0.000000 -0.008247 0.034758 0.096558 0.008692 0.048186 0.085720 0.038822 0.038861 0.044176 0.033185 0.021797 0.033100 0.019747 0.024825 0.045875 0.017630 0.055924 0.048446 0.001580 0.052841 0.023850 0.043053 0.066872 0.014017 0.026580 0.035553 0.043878 0.027496 0.019164 0.004944 0.044472 0.007153 0.030907 0.042768 0.019790 0.011777 0.020431 0.051414 0.030986 0.013332 0.030052 0.059518 0.008300 0.041999 0.033951 0.066855 0.041119 0.025504 0.037099 0.042426 0.008921 0.009257 0.056510 0.040725 0.021217 0.046001 0.043099 0.036066 0.003942 0.056220 0.031620 0.051863 0.012639 0.042195 0.022485 0.024515 0.037033 0.008005 0.018391 0.061762 0.019950 0.045520 0.045957 0.010957 0.009829 0.065275 0.030760 0.032183 0.012148 0.043948 -0.021543 0.098749 0.033965 0.020577 0.020856 0.046040 0.027437 0.047036 -0.003129 -0.006257 0.037642 0.038795 0.007868 0.028269 0.018156 0.029280 0.080129 0.018562 0.056395 0.040964 0.027992 0.027536 0.024617 0.042990 0.054486 0.005596 0.055658 -0.027029 0.046709 0.012008 0.021979 0.044269 0.007609 0.000471 0.092971 0.006181 0.027592 0.034405 0.080672 0.039903 0.041803 0.002116 0.043990 0.066606 0.013935 0.019800 0.026314 0.033393 0.015404 0.052239 0.012517 0.026585 0.036445 0.066517 0.015847 0.019945 -0.020503 -0.014843 0.083645 -0.010221 0.019686 0.034187 0.002407 -0.003870 0.014002 0.042164 0.040353 0.045510 0.041079 0.019593 0.006397 0.082043 0.043717 0.064994 0.041213 0.030154 0.006432 0.025434 0.019163 0.032936 0.008789 0.039654 0.051348 0.024198 0.027098 0.042393 0.045046 0.036327 -0.017915 -0.009662 0.018525 0.047504 0.018881 0.014671 0.044407 -0.027047 0.002998 0.052698 0.058604 0.033243 0.056032 0.017560 0.040855
-0.032737 -0.040300 0.005573 -0.008573 0.031384 -0.011319 0.012692 -0.093857 0.026989 0.023299 -0.027735 0.031495 0.006097 0.008872 0.037271 -0.037361 -0.008247 -0.000000 0.006644 0.010799 -0.031922 0.041817 0.017914 -0.030351 0.023744 -0.038363 -0.009955 -0.069557 0.031182 0.004399 -0.022572 -0.013040 -0.052112 -0.007754 -0.050485 0.015696 0.040402 0.023490 0.006085 0.046975 0.031018 0.025516 0.004753 0.037569 0.076185 0.058877 0.034581 -0.027127 -0.011367 -0.060190 0.064505 0.063871 0.003723 -0.025628 0.032715 0.015213 0.027523 0.041878 0.002299 -0.074704 0.002841 0.011328 0.006039 -0.013838 -0.012581 -0.058356 0.035633 0.054806 -0.042872 -0.026184 0.039960 -0.038089 -0.020112 -0.005165 0.034029 -0.017814 0.044773 -0.015350 0.003219 0.043898 0.007336 -0.006815 -0.003142 0.038262 -0.031201 0.049612 0.007923 -0.032005 -0.010661 -0.051656 -0.007612 -0.014769 -0.029001 0.046279 0.000826 -0.051937 -0.004412 -0.063637 0.023870 -0.001690 -0.022953 -0.004684 0.038906 0.028830 -0.039295 0.001434 -0.053623 0.042855 0.028546 -0.048939 -0.041876 -0.029201 0.022779 0.009953 0.013539 -0.029930 -0.080621 0.054603 -0.027776 0.043281 -0.022959 0.017864 -0.054166 0.056757 0.008854 0.035478 0.011587 -0.022169 -0.012735 0.046564 0.006347 0.007515 -0.006269 -0.039786 0.010506 -0.006062 0.013896 -0.049551 0.014471 -0.011469 -0.010060 -0.035490 -0.048322 0.004497 -0.004623 -0.065157 0.023206 0.093613 0.020779 -0.062748 0.006938 0.049538 -0.047251 -0.078956 -0.005129 -0.004527 -0.075333 0.035696 -0.014556 0.026670 0.000027 0.021832 -0.013040 -0.017896 -0.037339 0.019578 0.010075 0.017020 -0.001096 0.008186 -0.049917 -0.042247 -0.012267 -0.002100 -0.002455 0.052153 -0.043352 0.027423 -0.025371 -0.043153 -0.049861 -0.016468 0.020590 -0.008997 -0.035522 -0.015908 0.027225 -0.024801 -0.027348 0.060755 -0.006056 0.039914 -0.007789 0.062564 0.013547 -0.004607 -0.017255 0.002692 0.006087 -0.052269
0.067909 0.082954 0.102530 0.015244 0.052998 0.038933 0.022919 0.045677 0.040697 0.007833 0.105278 0.060006 0.042845 0.097691 0.054486 -0.003509 0.034758 0.006644 -0.000000 0.013580 0.060007 0.064656 -0.032265 0.039243 -0.000278 0.081233 0.009448 0.065765 0.034329 0.049337 0.066748 0.085517 -0.015869 0.014927 0.031106 0.005864 0.041979 0.046890 0.065921 0.026174 0.019787 0.045213 0.076870 0.063383 0.019511 0.030703 0.033483 0.049243 0.080572 0.031459 0.087774 0.037443 0.029116 0.054250 0.014406 -0.020004 0.045525 0.074236 0.001824 0.049117 0.068472 0.015330 0.073188 0.045197 0.079155 0.031833 0.001268 0.000719 0.096707 0.067697 0.050873 0.080065 0.091152 0.041685 0.049326 0.048113 0.042320 0.069885 0.035738 0.029621 0.065691 0.048056 0.015200 0.044779 0.056713 0.013277 0.050733 0.028165 0.064340 0.067856 0.080469 0.020462 0.070710 0.009209 0.025977 0.051053 0.029324 0.029842 0.067274 0.084489 0.071452 0.065492 0.039402 0.087781 0.075163 0.065797 0.113308 0.078198 0.112931 0.006801 0.082611 0.048881 0.038058 0.053886 0.069429 0.022757 0.078001 0.040917 0.029076 0.059965 0.029606 0.017954 0.058824 0.054948 -0.003310 0.043727 0.063909 0.014367 0.058712 0.043844 0.059906 0.046459 0.060550 0.070594 0.028297 0.016877 0.014194 0.056388 0.096744 0.122759 0.046392 0.049894 0.092175 0.029552 0.041193 0.039309 0.030010 0.010194 0.021675 0.067943 0.039406 0.021028 0.096064 0.029841 -0.008712 0.030288 0.047244 0.086093 0.087424 0.041783 0.062542 0.022730 0.064148 0.050697 0.015700 0.109129 0.047590 0.001584 0.022532 0.067089 0.030577 0.061740 0.034382 0.104594 0.085358 0.007035 0.083291 0.011565 0.082643 0.049391 0.057648 0.033606 0.035871 0.016020 0.045973 0.079478 0.056023 0.044230 0.071589 0.008096 0.044120 0.045697 0.053422 0.007590 0.082790 0.044912 0.059605 0.052133 0.006267 0.055059
0.012906 0.023912 0.025423 0.016708 -0.002351 0.042440 0.084373 -0.021037 0.008945 -0.013604 0.033358 0.042240 0.042512 0.058207 0.036357 0.073550 0.096558 0.010799 0.013580 -0.000000 0.021060 -0.006914 0.052912 0.019516 0.083592 0.047905 0.036214 -0.001509 0.039421 0.036338 0.051086 0.062239 0.008857 0.050662 0.029344 0.012140 0.026345 0.060091 0.077480 0.004275 -0.003676 0.024713 0.062255 0.051260 0.001719 0.029074 -0.014486 0.024254 0.057342 0.028414 0.047061 0.007531 0.054311 0.020644 0.017639 0.055794 0.042423 0.045043 0.029502 0.003222 0.040788 0.036372 0.081555 0.064963 0.030859 0.007649 -0.026664 -0.000023 0.066401 0.022815 0.065814 0.020674 0.034674 0.026700 0.045844 0.022845 0.037874 0.016788 0.036350 0.041881 0.029534 0.007826 -0.008571 -0.008174 0.039244 0.004866 0.052827 -0.003687 0.025873 0.021352 0.033312 -0.009815 0.065534 -0.007885 0.060354 0.001565 0.065284 -0.007689 0.075655 0.052627 0.017761 0.021138 0.019137 0.011090 0.032629 0.010371 0.039910 0.042317 0.031542 0.007083 0.030634 -0.028723 0.045536 0.065374 0.077191 0.052073 0.032348 -0.015504 0.027857 0.030013 0.009642 0.047971 0.002154 0.071348 0.013559 0.001311 0.052266 0.051719 0.000108 0.013699 0.039305 0.090528 0.005753 0.019920 0.005048 0.072489 0.008344 0.007137 0.034594 0.026078 0.028395 0.005219 0.049898 0.077787 0.060617 0.006407 0.039858 -0.005420 0.064997 0.030168 0.042516 -0.014909 -0.013445 -0.003775 0.002166 0.076674 0.003082 0.057917 0.058895 0.034669 0.073344 -0.022509 0.071341 0.082147 -0.009521 0.059233 0.017141 0.037763 0.020037 0.061552 0.042143 0.015059 0.012919 0.030704 0.037717 0.009506 0.016729 -0.036088 0.001607 0.037025 0.011299 0.031669 0.037461 0.010941 -0.006422 0.041196 0.055703 0.038469 0.031830 0.001300 0.014356 0.034155 0.014919 -0.008169 0.059363 0.039106 0.041663 0.039596 -0.015461 -0.003193
0.064052 0.027457 0.032682 0.006188 0.014227 -0.011624 -0.008712 0.090125 0.011391 -0.039595 0.054390 0.010654 -0.001051 0.023917 0.006551 0.024990 0.008692 -0.031922 0.060007 0.021060 -0.000000 0.012841 0.006132 0.052484 -0.000465 0.053636 0.002754 0.024610 0.009348 0.044729 0.077994 0.049065 0.008819 0.030563 0.006523 -0.027253 -0.004121 0.018507 0.018204 -0.006882 -0.011355 0.019386 0.040760 0.039437 -0.022410 -0.012301 -0.038747 0.000121 0.025132 0.046726 0.032866 -0.006124 0.041142 0.072181 -0.025310 0.003346 0.015139 0.014182 -0.010259 0.062678 0.022672 0.012409 0.050241 0.052970 0.065408 0.047532 -0.000759 -0.022299 0.064572 0.072240 0.033980 0.008954 0.041323 0.028585 0.001118 0.021909 0.001630 0.038114 0.024331 -0.003139 0.048292 0.016075 0.034338 -0.022954 0.020060 -0.003025 0.031240 0.073048 0.053942 0.010115 0.000223 0.006148 0.058257 -0.015635 0.023334 0.050427 0.032158 0.049985 0.046584 0.033082 0.031374 0.059915 0.017053 0.014279 0.063698 0.020556 0.066545 0.042683 0.051006 0.022636 0.034375 0.028107 0.009679 0.049419 0.035455 0.016037 0.070180 0.040196 0.014416 -0.007985 0.021609 0.022013 0.031300 0.036121 -0.032820 -0.012272 0.013927 0.008873 0.054590 0.017382 0.056952 0.049827 0.017690 0.008377 -0.031474 0.036877 0.029738 0.049463 0.006478 0.053015 0.033616 0.063248 0.018720 -0.008366 0.019531 0.037549 0.017445 -0.027018 0.008353 0.014675 0.039566 0.022788 0.089485 0.069432 -0.012674 0.030047 0.053027 0.042636 0.033278 0.012934 -0.017574 -0.006718 0.028699 -0.005634 0.010886 0.037968 -0.029819 -0.022176 0.036069 0.078964 0.063707 0.044272 0.028639 0.013442 0.033740 -0.010980 0.039991 -0.028632 0.064756 0.043410 0.039070 -0.008006 0.028808 0.037720 0.034891 0.018924 0.012795 0.011152 0.032127 0.017559 -0.004148 0.001215 -0.007775 -0.012957 0.020670 0.015858 0.020373 0.025997 -0.016269 0.056811
